1 0.6447280990445765 0.749576062778396 0.07547741311182747 0.09438848721545506
1 0.8393842990234004 0.7320212303679134 0.05499060786427279 0.06299671944547008
1 0.9030242593843937 0.4290902296132276 0.03468581314006229 0.03716050723104066
1 0.5070778461666856 0.27175910548378074 0.03551256577089816 0.03863840016406231
1 0.5962884119728773 0.31328907258111105 0.04415181840173403 0.04100633353841122
1 0.21835770943380467 0.44379531221853186 0.03458710260260105 0.05790483652024123
1 0.11676438833064755 0.33742432586030163 0.02797308155591365 0.04608169305606838
1 0.11831991207875803 0.4574917986136752 0.04607063417263215 0.07581755980476619
1 0.11275427410104633 0.7949203824781599 0.0635920631400622 0.040453656863951755
1 0.2167480412367734 0.8639248749025893 0.02816279735504672 0.02811514154464558
1 0.5084007030684764 0.8776344368975866 0.03721157366340595 0.04298307491899449
1 0.6332607070500238 0.9559864829580442 0.0330323078783902 0.034204721364997366