1 0.4764186294658745 0.42740953462618586 0.05027273538950343 0.029329339104730442
1 0.6908376625421866 0.4375365003522911 0.05460172524323372 0.0725061103889541
1 0.7910558508537893 0.4184174007839742 0.04191081047058134 0.052673775612771576
1 0.6767351394086256 0.32178598123270735 0.03789546631477982 0.04144144877299227
1 0.5518026388013654 0.7090005158662162 0.026835235389503255 0.02860204473272145
1 0.4920614230954934 0.7842534916966599 0.06378581047058134 0.05335258369331339
1 0.4861085677791248 0.83338934523208 0.04329603246740419 0.034666706348683206
1 0.20685151319245737 0.6614794898963936 0.041238654626382674 0.0637606435781491
1 0.16036822808755039 0.8191132867944872 0.034111947240056485 0.05382023304432424
1 0.18310787033390225 0.2939643131290497 0.030028419236879246 0.035643461760100414
1 0.246379234984114 0.09795073340247341 0.029451720779006863 0.05645255194770008
1 0.5883857055612498 0.325990950209251 0.05053183400953163 0.05571822799361933
1 0.8129028928602027 0.8199118690376286 0.029315353084255237 0.04256366305881127
1 0.7101460856360323 0.7792117738007888 0.06369035308425505 0.043630361471091166