1 0.36953447915382925 0.2802919912308749 0.03525133838228234 0.042716062786596294
1 0.4849236034288831 0.3536755240310056 0.04341903589277152 0.05193943656125697
1 0.3865278199230541 0.3934957618801509 0.04508827966899407 0.0728617739387229
1 0.1723173209603502 0.4144106477502967 0.05201278589277143 0.05291848104671683
1 0.4293163726246686 0.7158970566916844 0.06896348755244527 0.04932101446208132
1 0.8189533853845731 0.7126787710020062 0.03602093298834177 0.06077161834215177
1 0.7470486162890339 0.11237445405028167 0.04421194128671182 0.03406188909396681
1 0.8359160344428789 0.12527816575201622 0.05442739087179334 0.0366078305565812
1 0.20057606598597277 0.7642864678889292 0.041927390871793244 0.035183765850457384
1 0.21166202625636643 0.8125684769369583 0.02389944128671173 0.0317477839465157
1 0.2670881371468156 0.6855317746277828 0.022822193361304245 0.024714335457938653
1 0.9393591285360958 0.5538156714080595 0.07399452966899389 0.07615492357163399