1 0.30189663068953276 0.37638259624969184 0.03934941348570078 0.04182946166814819
1 0.4168681198540981 0.28202303309469196 0.03772314060688355 0.040375919283827166
1 0.8565123056146422 0.4402259924810197 0.03225439060688373 0.040149632049814775
1 0.7681508559987935 0.6895603909955874 0.055468621062046176 0.070221447652531
1 0.6743685182765462 0.9227286068016367 0.03088320924333523 0.04425164522104947
1 0.22677713712797157 0.3282211564493522 0.06825553454774687 0.11095179989833338
1 0.36694013833591954 0.1371733430408956 0.040321982122152544 0.04602845508253092
1 0.2839044332600591 0.12888559667188315 0.017873026212797072 0.032623306146481526
1 0.2681998138650029 0.07555826418293249 0.01682070924333523 0.04366976376216051
1 0.709127315991035 0.32114807995225414 0.02045589227387339 0.05491018186413581
1 0.5452321069772206 0.3774407637593218 0.035108323637421536 0.05135772340407417
1 0.5717787604609816 0.32724796453592675 0.022225686364518004 0.042507162107284
1 0.7331462438756711 0.5980057066830257 0.06144755409258433 0.08155884599765449
1 0.45827372516432874 0.6233675935470994 0.08778678454774677 0.11175996859123466
1 0.6225037095574452 0.5913481385478712 0.07421849212409234 0.13892353816240757
1 0.06258638221159066 0.6922491287570063 0.06184616681968065 0.07325783941203715