1 0.30189663068953276 0.3350571817686889 0.03934941348570078 0.044160668942443394
1 0.4168681198540981 0.22337491062576195 0.03772314060688355 0.0426099929216934
1 0.8565123056146422 0.31879720609505946 0.03225439060688373 0.04204373796017964
1 0.7681508559987935 0.5826238047563899 0.055468621062046176 0.07347542447290133
1 0.6743685182765462 0.8309635425910813 0.03088320924333523 0.04604861749498544
1 0.22677713712797157 0.2974818412943049 0.06825553454774687 0.11488571217370647
1 0.36694013833591954 0.08480894797935093 0.040321982122152544 0.048408229175040535
1 0.2839044332600591 0.08852255485687627 0.017873026212797072 0.03364320932898563
1 0.2681998138650029 0.037119967699917544 0.01682070924333523 0.04459253330823568
1 0.709127315991035 0.2203253906499719 0.02045589227387339 0.05602721868306888
1 0.5452321069772206 0.30079061142058505 0.035108323637421536 0.05339752976908237
1 0.5717787604609816 0.24640866059226643 0.022225686364518004 0.043769899380860504
1 0.7331462438756711 0.49554132283286806 0.06144755409258433 0.08515279054552612
1 0.45827372516432874 0.5609832007278321 0.08778678454774677 0.11690805132196987
1 0.6225037095574452 0.5049044290787051 0.07421849212409234 0.14314885134706748
1 0.06258638221159066 0.6877769263679663 0.06184616681968065 0.07690035077812322