1 0.4007221872438903 0.9390391553897248 0.02440284057054054 0.06971873416420256
1 0.35043006968748835 0.7190142303526971 0.023548815963434677 0.0668357126796132
1 0.5874336296528124 0.15648971012266807 0.04071919933804615 0.09821249718932283
1 0.71615148097672 0.3605974950985588 0.02556508023145838 0.05465144380004779
1 0.2679418243403008 0.785257461884438 0.02678297787409356 0.0714233541735262
1 0.2613503951636904 0.9321113311328196 0.018732883374611476 0.03158727192333307
1 0.23104431100329056 0.9517231813850909 0.02491010876750561 0.029651443800047635
1 0.3792187152609543 0.2037053715244118 0.03130565798171734 0.03604894901009593
1 0.40699690095240404 0.5050217379621162 0.029653266749222952 0.06212210677854999
1 0.3794369811838624 0.44973883192119907 0.024383569892376132 0.039268422315458434
1 0.5352150811624717 0.20450998029102668 0.04722391046291676 0.10877666906603767
1 0.543037100704735 0.6989656051882001 0.0647945541766104 0.15543123135352518
1 0.5288944027097323 0.40087989250858713 0.07972819540910478 0.1311472166008678