1 0.418359375 0.5722723599313883 0.06796875 0.04031242705129646
1 0.507421875 0.6171982218028697 0.02421875 0.024613240290308626
1 0.4125 0.27737592165036973 0.0265625 0.0649879983112346
1 0.36640625 0.21886653309895007 0.01875 0.02994250861185187
1 0.55703125 0.2061176955451226 0.0328125 0.037468834515185276
1 0.869921875 0.5452541664181777 0.01953125 0.03553039091512349
1 0.9015625 0.5939449331356778 0.0171875 0.03543341067197522
1 0.94609375 0.6907134196269739 0.028125 0.044219318473333324
1 0.1375 0.8165327146241973 0.028125 0.03727487402888888
1 0.253515625 0.9235377481439195 0.02265625 0.03565969790598792
1 0.314453125 0.6849051507109563 0.03203125 0.07771428554524706
1 0.41171875 0.19060269284253026 0.0421875 0.0809123110433334