1 0.5046287827895442 0.857885678951487 0.014799484396167805 0.026894386722608486
1 0.5154219010057105 0.5377053486619212 0.0265149123699004 0.05475668750685937
1 0.6167713780522177 0.6101516990581751 0.023638895861557076 0.03638540083086907
1 0.5889302007000827 0.800765108554166 0.04743824400710608 0.104610002399371
1 0.5765713446968468 0.17035705820865876 0.038028944482076096 0.04939089866458855
1 0.48487350661449147 0.18774679006259803 0.02207307383528967 0.06245855859932321
1 0.5055854763113382 0.2832229508748198 0.03548047659425162 0.04213072309970932
1 0.6975804251466279 0.36857201570566106 0.036998710990419424 0.0672359668065209
1 0.49340139783992143 0.38464292081421625 0.05833480042954129 0.10469452540584427
1 0.46317058599041944 0.12464640887223613 0.04880267017181659 0.045308755004395074
1 0.2998306187799636 0.892548718499825 0.02174220318850333 0.07763109267028957