1 0.410802721049668 0.3306144640417351 0.023257717535011223 0.05481585808322933
1 0.3616363979522214 0.2685354716302552 0.021294957195929064 0.03939250314077643
1 0.5589202166039978 0.28760903311493285 0.03980951674922295 0.061899973867873666
1 0.419071197268877 0.6313453027773483 0.05964898180303493 0.04573692145309454
1 0.33192010773179376 0.725752393586307 0.03693922787409347 0.07133104176074564
1 0.1631840511764278 0.8444247334030978 0.038555231803034926 0.04377162972998071
1 0.5802195977022977 0.9518618649155095 0.03432149607105863 0.030907686818292746
1 0.5206626032861237 0.6865319689410577 0.02271190798171734 0.03398252474989615
1 0.8231025329817173 0.10855442735472341 0.04569564371369381 0.04859339363768523
1 0.9205993482212811 0.2305562902620123 0.041917826302516656 0.08287888436588212
1 0.9707320310172467 0.13616396401424183 0.015517992142117265 0.05686575003763158