1 0.32293011600621596 0.47013312359569426 0.01471747146395277 0.025145445745273935
1 0.5036246711138398 0.5081229089165931 0.030070643713693813 0.044743416254174107
1 0.46578216491084146 0.6848628286846963 0.01980523180303493 0.04047170543814297
1 0.3575811939636173 0.6240053216174196 0.05754282630251702 0.0797403693285803
1 0.7123682205351939 0.6387889377966963 0.02671020326698752 0.06553634799159798
1 0.8172954111890423 0.79477725343368 0.0254559183207995 0.04747271211686047
1 0.699883241006216 0.4740318776009525 0.03453981989237605 0.03645856483593203
1 0.6467025830244986 0.5054349406602108 0.022694791356328813 0.06132927972902185
1 0.10956645606002788 0.4859867921741868 0.04427869292790545 0.0504444175550036
1 0.04489064123474896 0.866671169831455 0.052345904052775935 0.060247442969044745
1 0.6042485246093605 0.8432819313798343 0.03679367865988183 0.06286361436318467
1 0.5892090104437807 0.4777496235478272 0.05727099855225788 0.09917673345384294
1 0.7347954922468156 0.43896670481869776 0.02409462551672874 0.08494847115931507
1 0.2973983077959656 0.10240839812139842 0.0430971825888232 0.035158559458043866