1 0.218604483491867 0.37826943375091526 0.025475247402109956 0.03495518218090107
1 0.19303336004291358 0.4965919091117836 0.028092149011264313 0.042190988341776856
1 0.4144386484686239 0.3971905271287454 0.02844171027534479 0.09060785830860046
1 0.4112586541686071 0.5957724373609804 0.017755582551403748 0.05610907810954207
1 0.5277520215009878 0.7431895477998207 0.021787518689433405 0.04002513487573778
1 0.30979683808689895 0.8205289888582905 0.03637989641337427 0.07500951793551533
1 0.991015625 0.7486111111111111 0.01640625 0.10555555555555556
1 0.6924165469756851 0.13932505492976166 0.02502177933309504 0.04319139494209069
1 0.9277091907911693 0.21335514335298514 0.04152086448238919 0.06735602860718828
1 0.1638153896281103 0.6718927887637302 0.023186127723940818 0.036052709353358775
1 0.3349477084337592 0.471971520537174 0.0164662341605581 0.06285928140969885
1 0.3815932974798882 0.44035272119196 0.02324075804577177 0.037441598242247666
1 0.26968334135348015 0.44937985189740715 0.05371486188449896 0.10066016106164537