1 0.5194272317514315 0.15323111666657085 0.014144313231716587 0.02645608418674957
1 0.5001714859944371 0.47825101604743137 0.025168171642972935 0.05397748299866597
1 0.40036894086399516 0.42953716792579655 0.02276533430895533 0.03567924674531879
1 0.43332409313865206 0.23091985570189466 0.04485395774732641 0.10322204436915143
1 0.42913987723949526 0.862817004229339 0.036864195745273776 0.04824644204317931
1 0.5216202808793893 0.8233700055554597 0.020507942720211857 0.06182545493641606
1 0.5033470038502221 0.7321750020163064 0.03449771984757497 0.04105931690094356
1 0.3129171861300103 0.6921503630981688 0.03536078307929138 0.066140210466874
1 0.5182427629745063 0.6271253552584388 0.05578691256778647 0.10296566540329005
1 0.5417398711893711 0.8817238862908978 0.04778351502711473 0.04382339641065142
1 0.7258633236721401 0.06933476847794502 0.019776689695149584 0.07702233914826333