1 0.5443104157714987 0.16521785241392065 0.03361552933309504 0.04425972123567215
1 0.34933391044966794 0.19083832405267875 0.021568997402109956 0.03446957932018238
1 0.3972934861281944 0.24637960270496156 0.03065442029858776 0.048037905613763754
1 0.3895990054863189 0.5507065506692819 0.06473984319506557 0.0647140902159456
1 0.28973576327998907 0.6584857143762983 0.038286603838727284 0.0641897685408354
1 0.1068388228669721 0.8118306445390047 0.03701368094224948 0.05159264796869157
1 0.21817534260324897 0.9064845776395054 0.03539655062041867 0.05000951793551533
1 0.48806935647505456 0.577164006323769 0.05169353997675685 0.049271272172756474
1 0.5242832309708515 0.8324964433923261 0.02558450804577177 0.03773295995867885
1 0.9149942563686743 0.036468221842374665 0.04608267834435935 0.07293644368474933
1 0.8950532789549428 0.04352697558772324 0.024076638367602498 0.03892760770328029