1 0.4145003869549793 0.6372449989664102 0.06821419800286357 0.04524335183954741
1 0.5032447136179341 0.6960025711086525 0.024373291335136216 0.026370236479225657
1 0.4105727786441829 0.34143857974652586 0.026980670671545325 0.06691502638940171
1 0.3648744726487963 0.2757706744760281 0.018940904002227123 0.03130276372585222
1 0.5555312899825008 0.2926265501333031 0.033048857336090795 0.039849280964685756
1 0.8661174309556156 0.6803560031417948 0.01975851666931803 0.036947323325540536
1 0.8974307919517976 0.7339606669291704 0.017414766669318026 0.036680311193142266
1 0.9413166046109342 0.837645008555847 0.028406810669954298 0.04625970114433389
1 0.13211832527054834 0.8378869339895827 0.028361357336090798 0.039315256699889445
1 0.24740215159534423 0.9629095900988486 0.022883516669318028 0.03730333950207157
1 0.309885064946707 0.7337407944300905 0.03253123667249973 0.0800380546983307
1 0.41035969531747796 0.2545440201468375 0.04270566800604527 0.08397288504983401