1 0.5489186330786253 0.2798596081195555 0.03282242368379755 0.042930007903413524
1 0.35396947622746 0.2651087063658565 0.020939982576804895 0.03362634647533535
1 0.40314605885059845 0.3310866727288145 0.029779269237293703 0.04683792041148157
1 0.40145456751978703 0.6363035708079987 0.06361855589778251 0.06211952761641647
1 0.3034783697893725 0.7241802137644251 0.037110619600113456 0.0626978950461061
1 0.12316585985423953 0.8407135709941292 0.03608383293962456 0.05013320650645659
1 0.23664923453775347 0.9593152526400556 0.034494051088459085 0.04861494053826839
1 0.500690675687155 0.683472592772043 0.05084573738612832 0.04719562209313324
1 0.5420460626680546 0.9484326719923083 0.024900796279135662 0.03672756695136141
1 0.9178521715532127 0.22137433286600258 0.044523815516429366 0.08272453634739745
1 0.898116307669472 0.23017378604142802 0.023365578130301046 0.03798707876095098
1 0.8232006424231951 0.10015850950500145 0.04545883293962447 0.050909468982252314
1 0.9701934489115409 0.12624118811784954 0.019786710344286362 0.05433030272936937