1 0.43573992367628983 0.559277843144803 0.06907422659425162 0.042423581039033015
1 0.5262354488910604 0.6014373653082158 0.024914790818602837 0.025365490561800957
1 0.4211800384437536 0.26456340089721003 0.028445904567984216 0.06581304699609715
1 0.3733052428196816 0.20748571447540476 0.01960981512886235 0.030524895918813716
1 0.5637869402982045 0.18881593930079899 0.03387703301668683 0.03848801230236837
1 0.8870567622109006 0.518233821988929 0.020554839439121862 0.03613704435987539
1 0.9201713560032362 0.5659418101259308 0.018211089439121864 0.035967265703357044
1 0.9676096000103425 0.6613271267631928 0.029394250904510956 0.04509289943377597
1 0.16173859791840656 0.812261874373144 0.029189533016686742 0.038148454989331844
1 0.28105018091237904 0.91566338643104 0.023679839439121865 0.036363415901899995
1 0.33502727272635013 0.675138030250451 0.03428314676606821 0.07870919719464003
1 0.41783981484594895 0.17781443822716061 0.04452128392119796 0.08222268248399744