1 0.562908092397338 0.8151293099490424 0.027680104670590743 0.05252032505895083
1 0.680359495404974 0.9102964611654929 0.026898854670590742 0.05248799831123468
1 0.17278970669556687 0.3714249912201232 0.04873749200349984 0.04783759169172836
1 0.7335948446849082 0.20859872627894951 0.02681703866963616 0.039987998311234604
1 0.7827911416892035 0.26282830454669637 0.02459146733768165 0.05794657362364196
1 0.9280760960176583 0.19291047720876406 0.04092499200349984 0.04751432421456801
1 0.7182172083863613 0.6649139604058323 0.040225558004454244 0.059981997466852024
1 0.9702984237348605 0.8531481855000911 0.033884651336727245 0.0458344945962346
1 0.06088804867520416 0.10931639598141966 0.03465681066995439 0.04447793245506178
1 0.7814280890157492 0.17397174240552352 0.04971873667249973 0.07842547399500006
1 0.8027143850453389 0.5606959004603383 0.0556596540022273 0.03146186575450621