1 0.4142792388981166 0.5205459219726184 0.0241779796419344 0.06683571267961305
1 0.4054443163944259 0.012314852918965731 0.027433387569213784 0.024629705837931462
1 0.6610250285345136 0.5771457135706916 0.054766645588778216 0.09583497353845302
1 0.7907724865079355 0.5472278800933755 0.035035136489479514 0.08764832531260791
1 0.14755805984219178 0.6083068719150763 0.026652137569213787 0.04920113195130382
1 0.13787457434016123 0.7906722911867671 0.02468911937061651 0.0378795334265697
1 0.7215130000784418 0.2255343367128907 0.04538235117201914 0.029610002399371005
1 0.2928011644056844 0.20243148472628691 0.04378957279438911 0.05012760461226959
1 0.5868836277777773 0.3369652794572356 0.01614543414544123 0.0381107415405311
1 0.16528877429401873 0.8173864514436999 0.0472452398209672 0.0381538231463275
1 0.15712701843392257 0.9359682255333135 0.016495887569213784 0.0478329637627534
1 0.0870507576365809 0.5722293021621522 0.043959553516057695 0.0764112497943469