1 0.55 0.2241725664070659 0.0265625 0.04333028640773959
1 0.407421875 0.2846750024355372 0.02578125 0.047488872755224384
1 0.414453125 0.5915467240073448 0.06484375 0.05067066649209614
1 0.31796875 0.6967113100929738 0.0375 0.07816563309850816
1 0.359375 0.2323941642874452 0.021875 0.03911513782598159
1 0.409765625 0.20409520592243602 0.04453125 0.08379391152670068
1 0.828515625 0.0284734843506285 0.04609375 0.056946968701257
1 0.1375 0.8284389749350999 0.025 0.040536347991597825
1 0.507421875 0.6322518326913673 0.01484375 0.030709081620011288
1 0.56171875 0.9025235838415598 0.0328125 0.04478381785008341
1 0.90234375 0.6281672313449258 0.021875 0.041892915603759365
1 0.946875 0.7152066531515585 0.03125 0.025323212767275373
1 0.256640625 0.9438733929265295 0.02109375 0.05438483528457772
1 0.92265625 0.13698492082397465 0.0421875 0.0823807816802661
1 0.901171875 0.1448460184903653 0.02265625 0.036345440367385684
1 0.975 0.03713798388323296 0.0140625 0.05570100130082944