1 0.2917498270010787 0.1986012403764502 0.019156113749381375 0.04102129297524692
1 0.5354826772385636 0.16139963500799304 0.030134557326946164 0.04286275633216054
1 0.2634272927969673 0.2991998658406478 0.028899605947465278 0.053909213947839554
1 0.10753249688998179 0.4238500779302776 0.04929399310259504 0.05752748716623475
1 0.42103893656658864 0.41852594098503026 0.018084936680159914 0.05762330614648145
1 0.8632618153539753 0.7729037984679926 0.02252677521477082 0.04948393329944452
1 0.7932874118040736 0.3760065856172828 0.03543953301668683 0.03753348801061741
1 0.9775047419151704 0.15075774806345535 0.033590427973732774 0.027746612292963015
1 0.5224116256773685 0.7793593715833017 0.025856493102595125 0.05655768473475291
1 0.380642406149864 0.8923004277290735 0.02343085594746528 0.05368292671382733
1 0.09610861487900552 0.8588799848872529 0.0222811137493814 0.04115059996611118
1 0.4456748877767275 0.20613792333913514 0.021254202283992284 0.03278493988506178
1 0.5297538562861496 0.4314097975374684 0.028861984396167807 0.026163762917777767