1 0.2876128455754882 0.23998326501427628 0.018364216314780003 0.042138329794179995
1 0.5318781785707224 0.23821961781719964 0.029315353084255057 0.04465972860609639
1 0.2573378745929629 0.3360530779326106 0.027861947240056483 0.05560905258534648
1 0.09912199999835235 0.4376063460383375 0.04820172077900679 0.06049006307731809
1 0.4124782522304658 0.4776835548653699 0.01696535754848192 0.05864320932898563
1 0.8473829064498114 0.8945590254812461 0.02157103693163087 0.050795237391235384
1 0.7852592102257 0.48922689926386587 0.03472955600635448 0.03967042801205452
1 0.9737500558028358 0.29160381823980464 0.033071598620028196 0.029786418657971266
1 0.5066829042176979 0.851650541846645 0.024764220779006862 0.0580632560994022
1 0.36281106046728595 0.9435892298109757 0.022393197240056395 0.05504279762383248
1 0.07916474045934299 0.8691264232722687 0.021489216314779912 0.04246190405790205
1 0.44126483827023993 0.2697677396085148 0.020626145697928956 0.03404767715863828
1 0.5208518368489055 0.5062484248578597 0.02837046185055314 0.027912168373499135