1 0.2997343551795145 0.549433340367518 0.024479781743586494 0.06314919141656267
1 0.44369997996741084 0.8982008060686512 0.04804733630769 0.050127859691248965
1 0.6229555997809297 0.8974718860216717 0.02533188672260831 0.04662810191457096
1 0.409846582146894 0.8183544595187284 0.03272998962703788 0.037633765515724664
1 0.6471134742680872 0.4779153057914834 0.056025779668994066 0.0730051791545094
1 0.8019678402447712 0.3780018247114055 0.028989682988342126 0.059419256243921366
1 0.8333075622377732 0.28679942509322004 0.023414189212119397 0.03814919141656274
1 0.8869751686666877 0.48143861198677596 0.03302598755244546 0.04457820996016895
1 0.42786979595338365 0.11028179204805168 0.030386239627037882 0.037415399768711825
1 0.022234933289080983 0.7020626629476698 0.03693223755244536 0.04494215287185676
1 0.19786587778792772 0.9519888401417285 0.028397687137526884 0.04553036735503232