1 0.3065621019907364 0.5561141106271291 0.023676517412854547 0.06360322434682754
1 0.4549182965863837 0.9081652073417847 0.04744488805964089 0.051084571937164466
1 0.6339457163059447 0.9111415203150023 0.0247476944820761 0.04711456576842655
1 0.4200608183524519 0.8275486263565912 0.03227358943912186 0.038282383987531275
1 0.6525811485193197 0.49171466377917533 0.05513123530067894 0.0741078305565812
1 0.8059385218796395 0.39491455136377057 0.028241186680159912 0.05997058194495727
1 0.8360459633652685 0.30427969290841617 0.022939533016686654 0.038603224346827544
1 0.8921963868164454 0.5001999012837908 0.03247830732694652 0.045226828431975875
1 0.4287917243329738 0.11922461922808943 0.029929839439121864 0.038015371855133234
1 0.031399449062432284 0.7031409911570488 0.036384557326946274 0.045671848652639506
1 0.21008827482031558 0.9569183405274609 0.02783175090451113 0.04608169305606838