1 0.6263981743116618 0.4864095969484464 0.034688645697928955 0.03586062238628453
1 0.8276692581176748 0.3000778504245147 0.034675008928453724 0.03447173349739572
1 0.9186714490684281 0.5906194468315534 0.019172739853730292 0.04519165261474111
1 0.9498015823879739 0.5267294934416188 0.020912517856907443 0.06342521625856203
1 0.2668458963084846 0.46352329220294614 0.04894206047058134 0.05690713962511814
1 0.33663556047387655 0.8434174501292006 0.030260244317957152 0.06171548701037687
1 0.6805648155470114 0.9041515093474459 0.023242631087432387 0.06230333950207157
1 0.8801546225676633 0.8093974254460482 0.024546032467404187 0.03609245870144788
1 0.39345789935137687 0.23392493522005026 0.0253272824674041 0.036181462745580636
1 0.10716979748493778 0.31671623688938155 0.0363466030842551 0.04576085269677226
1 0.1526488029634621 0.22526168962716941 0.03328978693163096 0.052349280964685836
1 0.2982155602687104 0.2557498327468124 0.019763075081077906 0.025836212214429347
1 0.7251358859603438 0.7458522873303015 0.0105108060063543 0.037268163684836646