1 0.5868882145198249 0.23446974241698615 0.051835187137526974 0.04460711688250822
1 0.7158841865128269 0.14459864573436781 0.07159158008391256 0.06880006349122662
1 0.8556449648321749 0.16006140150466652 0.03439923340326061 0.0565495245306346
1 0.8290034756177335 0.3629760313750151 0.024468126349646013 0.07982123160147472
1 0.5537562365035381 0.8098975122583606 0.03267079004195637 0.03430305916267887
1 0.6215949319394347 0.7967046450136753 0.022443685062934548 0.05063032178907431
1 0.6603197175198563 0.8333698336856242 0.033866437137526975 0.04404952453063452
1 0.620729326335713 0.9454854581449221 0.029782588382282427 0.039761642135300056
1 0.14004327562005553 0.17401427741523476 0.05854712842423861 0.07394348556931034
1 0.09676670299770916 0.7672066850633611 0.03782023132866803 0.06359094155801365
1 0.07872357686016661 0.5114485775601055 0.02118883838228234 0.039494967532229766
1 0.6408392408648267 0.4920374790684335 0.029108082158505154 0.060546489177165895