1 0.2783249648408709 0.3057796163538471 0.017389595792955605 0.025169686702819483
1 0.4582099347514711 0.739760301232126 0.032435441585911204 0.05031513244809326
1 0.4698851260852807 0.8204693828521373 0.029889595792955602 0.025298971809729665
1 0.18084726432683257 0.8466584519002803 0.032200494804219916 0.06419594101780035
1 0.2682571060969023 0.8399205186001714 0.01588172611478651 0.026542414953344935
1 0.6432431755328052 0.6951273583024996 0.039193539976756855 0.04344341087628594
1 0.5442018830842089 0.6399142903017792 0.027256268689433583 0.03776665053300216
1 0.8528666889004077 0.6611696522533601 0.040193311264080475 0.04900704675102329
1 0.8632823419345579 0.60500449560477 0.028092149011264313 0.039163619741072846
1 0.8551965083363106 0.5125221797059305 0.023677800620418667 0.04605958227042603
1 0.3607113119327715 0.297600272090167 0.025365986758448235 0.02941715656130507
1 0.5950727453468603 0.3500445686426864 0.020006497402109958 0.03213837210480964