1 0.5213367809017072 0.3202361888370829 0.016924605172143004 0.026558575591708374
1 0.37690596266412996 0.5154406462898217 0.018623514427970278 0.03351918067451657
1 0.47433278957089575 0.6255215167052428 0.024310519237293705 0.0446868540199009
1 0.5790922114405946 0.6605417847267998 0.038318455534962936 0.04205452198739705
1 0.7948412243709525 0.5923515148891508 0.03756448738612832 0.04343533055710398
1 0.8045671711943176 0.5346237424892613 0.018732641832631812 0.03907473623007213
1 0.7926549755944878 0.44518181474161084 0.02740823738612832 0.04333028640773951
1 0.39475192777533064 0.740210357193138 0.038482146641955414 0.05038785532073038
1 0.4808617979660072 0.7504285930346513 0.036138396641955416 0.05036361436318468
1 0.40834939170540496 0.8233861243024247 0.03263145072563951 0.030886848642012726
1 0.3121328899337154 0.6119244453172966 0.01795139183263199 0.03906665591089033
1 0.11867676729596814 0.8972010954138726 0.039590778855940555 0.06706260230657884
1 0.5118414520960248 0.8632796239138656 0.019759428493120977 0.051582816549253924
1 0.275097942562196 0.3102855295389668 0.028752482576804895 0.03223533593499216