1 0.42406212637252094 0.5523910960332189 0.018196016669318027 0.03639635961598597
1 0.5302899470480432 0.6781897768710115 0.024527832670272608 0.04947866827468646
1 0.6434487467178386 0.7296799492410107 0.04406817333704538 0.05268727172201421
1 0.5423907787237245 0.7973007668704617 0.03780908267027243 0.050716074174425155
1 0.4532873707232474 0.7827528684839801 0.03469317333704538 0.051813808733963795
1 0.47293707306251986 0.862313966529028 0.027498291335136215 0.02615871149292559
1 0.18588251573438325 0.9035833237843625 0.032440330004772464 0.06548433187583985
1 0.2681680307327924 0.8904291858876415 0.014235222668681758 0.027699083370964987
1 0.24043119269174884 0.35067273983517716 0.018940904002227123 0.03091359264276813
1 0.844437987368703 0.5415877476219936 0.022211354670590565 0.0534269691943406
1 0.8586780290419981 0.6296671033684564 0.024509651336727244 0.04670089049690868
1 0.855966654380157 0.6925703934835507 0.04172442333704538 0.05246890597500169
1 0.5798867807327925 0.9194718302403267 0.02063067333704538 0.0505036142518877