1 0.5181331060610366 0.36392293860383235 0.017184177973732596 0.02757733948451744
1 0.37179647699073637 0.5474862192127298 0.018951395861557075 0.03463496969997411
1 0.46813036578554634 0.6658129232258719 0.0247476944820761 0.04614223100962818
1 0.5725345827688596 0.70956407388031 0.03872830732694617 0.04438312517096076
1 0.7889325277031911 0.6591265987295193 0.03798800090451131 0.04571542117434338
1 0.7992254361721335 0.6021102315811978 0.019115170171816586 0.040190525255529665
1 0.788194421925068 0.5115365227515072 0.02783175090451113 0.044979713662763744
1 0.38742924242522647 0.7740991164496545 0.03897396879233561 0.0527164585042941
1 0.4734298188047076 0.7914637414091923 0.03663021879233561 0.0525466798477756
1 0.4002070027713339 0.858536011050357 0.03293200870642714 0.0328758638613067
1 0.30608074513876 0.6387638252628199 0.018333920171816585 0.04013393237002371
1 0.10983763031552526 0.9084865696319301 0.04024654172311406 0.06943971805646672
1 0.5032960422331701 0.9070633834876471 0.0202649123699004 0.052747118141035935
1 0.2720172232591205 0.3335678832266497 0.029066702283992107 0.03398178832266502