1 0.6933980336940554 0.7529759013560487 0.036258404567984216 0.0681621940632144
1 0.5923318396642349 0.7425392282098559 0.02170125961093845 0.07603912541470505
1 0.5972041253944551 0.9078170059876336 0.014386726594251798 0.039151049726443905
1 0.40699300457832666 0.7460637990774116 0.042467460990419426 0.06755026975147554
1 0.4644823993660303 0.5284262502254726 0.017266065128862352 0.03120619868168559
1 0.4706848117359307 0.579232415681499 0.020472952283992284 0.0343724587480387
1 0.5252334526226765 0.368233349118135 0.016771420171816587 0.0408313003317643
1 0.7535288709854706 0.292457678685646 0.0356851944820761 0.048717749618770116
1 0.6876714976251508 0.18633843556825821 0.024420145861557073 0.036246950497646285
1 0.7159752210536134 0.06921060795199134 0.018992339439121864 0.036955995381528814
1 0.7895371706798429 0.5430794444690652 0.0177164444820761 0.046483976459463366
1 0.3994483409652308 0.2507452694836733 0.014840427973732685 0.028137059187476627
1 0.3575258107178483 0.9299455724608084 0.013482645861556985 0.03488726248763341