1 0.6923359156768331 0.16435614040781799 0.03693771034569906 0.06297008791523856
1 0.6823663595273404 0.3434951695271729 0.041974551332783605 0.0368640868008907
1 0.7753351095273404 0.33868607735997375 0.021480194906292736 0.024702249670055524
1 0.8065331168180785 0.5010999085673267 0.030255801332783605 0.036257898712588284
1 0.6768049901354724 0.6725331672984773 0.03633831677218957 0.07404078648712947
1 0.9434725183424 0.22086857230181092 0.030733174452321776 0.06542456537925495
1 0.1896830748543507 0.7686243376444114 0.03257681927947216 0.03499024744135997
1 0.24194176791343516 0.40241915902806485 0.03636940901291545 0.028247865693016332
1 0.556983577790598 0.5654410162762773 0.01688362311953817 0.030015329990290083
1 0.5857534354707301 0.5556124189917979 0.018537051332783605 0.03565171062428602
1 0.4695385763391012 0.45389396709866264 0.022329641066226813 0.028909328875942226
1 0.43629285266556705 0.046934660098814765 0.02600021034569906 0.062404312366156275
1 0.37404891693047426 0.16135959942597908 0.01943196159934022 0.0426365676079505
1 0.30945639377136497 0.10840322137242221 0.0200540872261608 0.03295475792494847
1 0.578431882719703 0.002037327468968386 0.025477373119538172 0.004074654937936772
1 0.8612750984424249 0.6449200462173538 0.028443248746358663 0.02089929585637012
1 0.9667635746564951 0.5928961631056341 0.018074050079142267 0.055055742529510274
1 0.3984754016556703 0.6744200312608547 0.015252926959604096 0.02576783824518303
1 0.7780056088672662 0.7646027907701289 0.019113712852981378 0.023192123163506217