1 0.33071366881430253 0.1981877608434347 0.03458407825883123 0.0674482057898323
1 0.43102929835189574 0.23149925073217478 0.019772144515609824 0.07563345025937443
1 0.431570174717133 0.06622147295439698 0.01340396984757497 0.03887519062081905
1 0.6157312908383383 0.2700750235191901 0.04082953307929138 0.06670646542838768
1 0.44921875 0.9916666666666667 0.0171875 0.013888888888888888
1 0.5513730937278273 0.473204420118074 0.016501698770336047 0.030865431551207856
1 0.5468537653708002 0.4213301698336019 0.01963578912941557 0.03396678359270785
1 0.4856410215682182 0.6185331406962078 0.015752265027114732 0.040506760207499486
1 0.2557989854638647 0.6419726545348535 0.03452044574527395 0.04800376134538801
1 0.31792628074160034 0.762333028698185 0.02354658430895542 0.035760140311249224
1 0.28591522360910593 0.8722512837224429 0.01808237948849527 0.03658277423862444
1 0.2281151283196497 0.3848533727117224 0.016551695745273865 0.046143209328985635
1 0.6070819569221664 0.7637914258702598 0.014148858411256526 0.027844973075638615
1 0.670998301229664 0.0986542398009941 0.012609084308955331 0.034627630388221836