1 0.87257190373809 0.09997787631035898 0.01809146984757497 0.038429488402063686
1 0.9365914849728852 0.010979855430377636 0.03769998789975162 0.021959710860755273
1 0.7565671208060923 0.34135539251199937 0.040697722872636885 0.024323674261670588
1 0.9111245623083608 0.6117855194294096 0.015702268052177004 0.024419361895514333
1 0.6225279432111911 0.484377047829758 0.026698855386194254 0.04304069300015211
1 0.6858632144848217 0.703285441835927 0.03447499394987581 0.032333707281242775
1 0.5185421525692444 0.514057471101595 0.01887271984757497 0.03846990094128384
1 0.5265680155671919 0.56779980610645 0.018155102361132335 0.05787393284650809
1 0.3867174477978822 0.5771169839601922 0.018159647540671918 0.05926282173539698
1 0.38209786505055576 0.6759503640370141 0.012618174668035031 0.03675771173863372
1 0.3600683289462022 0.7243041373574008 0.023492042154477664 0.017879042843271502
1 0.14051234089915687 0.6238747115923207 0.024341469847574838 0.03875278871582503
1 0.19344293994063932 0.20315192844823443 0.03216306020665445 0.04193469188580442
1 0.16793212812325797 0.12184665335361085 0.021184653590796198 0.028868916336722113
1 0.45078981947823243 0.21275266344185806 0.017242042154477843 0.017555742529510195