1 0.599616668726215 0.0731899537640175 0.034979836463846684 0.029591586511741416
1 0.6189383075849699 0.5420461837252861 0.022670837452429992 0.036760302527673774
1 0.5852994311206856 0.8770772777502847 0.020726335475263546 0.019948058696331827
1 0.6550435632879137 0.9438629453714873 0.010792919961943958 0.028724029348165914
1 0.3671875 0.9784722222222222 0.0296875 0.04027777777777778
1 0.4209159723568522 0.507658450171662 0.014635502965749581 0.0263101944820761
1 0.34114094764227276 0.2923374129339231 0.027899506920082296 0.06080814513281025
1 0.28179645184375135 0.3221493587605979 0.02805867441056815 0.06775258957725469
1 0.547513646501684 0.23187445901577103 0.026033259391540043 0.0814231127191309
1 0.502868933097852 0.8860283546891702 0.021808674410568153 0.06717028091855437
1 0.4008249775469138 0.549443158448548 0.024424338441013126 0.04523921302568239
1 0.657467579086654 0.7264988813481387 0.017887836958138337 0.032156904366981896