1 0.8675650856829901 0.00708874071200494 0.028220088382282425 0.01417748142400988
1 0.9685032221934946 0.2659497812135257 0.022999792116548436 0.02956336107890394
1 0.9090900268578445 0.5395889492975469 0.01476123962703788 0.03664958033758852
1 0.7320749344266235 0.8399564406217285 0.01518729211654879 0.028429621011041364
1 0.5944175866084288 0.6176908149077235 0.02466903589277152 0.050510068419023606
1 0.3772293332960476 0.13918881653987272 0.0334879288391571 0.07525491959799721
1 0.4434978558042145 0.2876161246831358 0.01967388257342364 0.06082756148263092
1 0.37071553370632165 0.47416618758312123 0.017034134648015974 0.05354299501782786
1 0.30788993598837333 0.4908749970149105 0.014228443361304244 0.02414958033758852
1 0.3239337768578444 0.624506080380451 0.011044243776222729 0.022307195421554602
1 0.26420404065504527 0.5959059399131718 0.01831229211654879 0.028883117038186395
1 0.4945369083939717 0.5383251133658509 0.012665943361304244 0.023922832324016003
1 0.2009115965687948 0.5415971545977214 0.03926433215850498 0.06505080054117608
1 0.07141121348252867 0.20082247730101588 0.03948947510489072 0.08854853764550101