1 0.2423091283239923 0.3236111111111111 0.017448531743586494 0.06111111111111111
1 0.14884929855242968 0.33958333333333335 0.020466787967363852 0.04027777777777778
1 0.5049391828880957 0.30833333333333335 0.021188838382282426 0.03888888888888889
1 0.6987017608974158 0.3819444444444444 0.011695439212119397 0.03611111111111111
1 0.7275061722027835 0.2604166666666667 0.016394594606059697 0.018055555555555554
1 0.9430186007295905 0.24861111111111112 0.027889124275053946 0.08611111111111111
1 0.8819318871468156 0.7125 0.015246491701630305 0.027777777777777776
1 0.7904552434754837 0.775 0.03572493506293437 0.05
1 0.5109323029137182 0.6597222222222222 0.015128092531467274 0.025
1 0.3994279630815433 0.7930555555555555 0.03482528589277134 0.04722222222222222
1 0.15257229140321343 0.9493055555555555 0.05129073547785294 0.04861111111111111
1 0.42390820613281976 0.9 0.03873153589277152 0.04722222222222222
1 0.33872939865732044 0.42291666666666666 0.04636643713752688 0.043055555555555555
1 0.975158901044263 0.4986111111111111 0.020052390871793335 0.030555555555555555
1 0.9586060360046286 0.6326388888888889 0.02929733630768965 0.04583333333333333
1 0.714351916916056 0.5291666666666667 0.038257939212119396 0.03611111111111111
1 0.5371400667109191 0.6972222222222222 0.025994737552445458 0.041666666666666664
1 0.1551769038438015 0.40555555555555556 0.011932237552445369 0.041666666666666664
1 0.15305339170859683 0.5298611111111111 0.018667489627037792 0.034722222222222224
1 0.14002290198131268 0.7465277777777778 0.031215033818178962 0.05416666666666667
1 0.6042875261445092 0.24722222222222223 0.018489890871793334 0.030555555555555555