1 0.8730471354404236 0.029086331300039642 0.02668976502711473 0.041639270130527
1 0.9872760553744737 0.30694009757344576 0.021961358411256526 0.028653908734943834
1 0.9401018548461171 0.5785817185448402 0.013394879488495093 0.036097412843041195
1 0.775771970574539 0.8720795966280368 0.014148858411256349 0.027844973075638615
1 0.6269274165653025 0.6436589273718726 0.022810786104353654 0.04956813563420768
1 0.38618547272534315 0.1552179141021711 0.030700554156530214 0.07398818240462408
1 0.45975277078265125 0.3066821434654441 0.01737839754067192 0.060112991783805116
1 0.3950979061739769 0.49052008955397686 0.015011921642972936 0.05292586664156905
1 0.33262290466144584 0.5046304637173085 0.013353972872636889 0.023597412843041198
1 0.35494560484611704 0.639170999426809 0.010224427693097126 0.021884949690430252
1 0.29349475999854213 0.6080211443523559 0.017273858411256348 0.02816854733936067
1 0.5227120943565955 0.559973327196189 0.011791472872636887 0.02343562571118017
1 0.22727005673971096 0.5509677617845969 0.03691419272021177 0.06352421982095725
1 0.08116416246959075 0.20416796270915516 0.03621021077238855 0.08705443736613777