1 0.876373475551157 0.23553744881625896 0.018828254448624192 0.03936055201640221
1 0.9376100879467215 0.13588027443959735 0.038900673916276676 0.06499400227577665
1 0.7665348784786316 0.4590223145081721 0.04113433596955503 0.026428687650609895
1 0.9283862448471194 0.7535923563505703 0.01616616946765248 0.025228982429721707
1 0.6360608112921569 0.5813006258451622 0.027517504942915848 0.04441704790830477
1 0.7052166709877081 0.810156120473688 0.03507533695813834 0.03411487245649912
1 0.5327116475088577 0.5948473371319568 0.019609504448624193 0.03944144558233265
1 0.5421562789346484 0.6498633862408941 0.019273923421985018 0.05880499646084666
1 0.4023602791817941 0.6374667712726622 0.01930575692008212 0.06019388534973555
1 0.4003235825466951 0.7356329677711554 0.013327670950527093 0.03740540816599965
1 0.37953092148199974 0.7805901701473226 0.023819501977166358 0.019093473644582876
1 0.15704644988517547 0.6460130757823221 0.02507825444862428 0.04000770054384649
1 0.19902706695791955 0.23329649557818177 0.03295442144481866 0.04359441398092956
1 0.1713517238211364 0.1479881190135853 0.021730419961943914 0.02996190405790213
1 0.4569741946765232 0.2828675922189589 0.01756950197716627 0.018446325117138448