1 0.6288742287004084 0.2945597243538445 0.019096756410140792 0.045289328714862145
1 0.674795677521726 0.29721150421676756 0.023439654052775795 0.06244159824224767
1 0.7198973349867147 0.2386550523964358 0.014190932588823202 0.03637327194866628
1 0.4838828101724665 0.3996725077584996 0.03187073821317572 0.08702391507479648
1 0.4422175409420442 0.2752647491268774 0.020059942927905538 0.05233089373145035
1 0.41845907526680504 0.6997255034761638 0.02022260876750561 0.028816903192483145
1 0.4731016296505578 0.7061700681566166 0.029071069892376046 0.03960745170828659
1 0.39142246329422903 0.6550138156902413 0.009758143713693723 0.04551277073802582
1 0.35601048304138 0.874001534616678 0.02118579528527036 0.03585846820907111
1 0.32497659491151215 0.5720054803838078 0.013972608767505612 0.028039938615332795
1 0.512072142263697 0.9221813327293955 0.02193065798171734 0.03456669989232605
1 0.47997775299567336 0.9387118364733618 0.03299443651776457 0.011023508474482607
1 0.6759291269622161 0.7443559652740417 0.012555657981717339 0.033401253026601
1 0.6417028493571821 0.5897617739682433 0.02391053494618802 0.02096917271986835
1 0.5666675969784267 0.8819524387738549 0.024730326302517015 0.08198316325883594