1 0.41734593422388294 0.2394647302817748 0.0253702398209672 0.03470356981255907
1 0.42496222355112556 0.15768070601697845 0.03499556369509058 0.04271606278659625
1 0.3982535776531929 0.0784239708051333 0.020382351172019142 0.025836212214429347
1 0.07322164597637446 0.39693148947951234 0.018008322794389152 0.046313529371231725
1 0.08304318052325511 0.46981298032894425 0.03494549892026584 0.04132717389770733
1 0.1297429538113688 0.46933384879209156 0.02455871144333708 0.055358895057626964
1 0.4567368491694344 0.49570753307903476 0.048777461443336986 0.05811802042574167
1 0.38162742520302606 0.5720404647389342 0.029326554595791875 0.03653747892211167
1 0.6157276677233287 0.606922296944339 0.016095369370616553 0.03641329906074399
1 0.6266290445736425 0.5095489807473003 0.022114831893687636 0.05231410514745107
1 0.5871224051541148 0.6558262698002515 0.025550712523071263 0.018125907190025083
1 0.7048065044758202 0.7150363136704777 0.02005168414544123 0.03824720817029667
1 0.5318452186184928 0.7755449235798343 0.01569485117201914 0.02530218794963288
1 0.7525849225036907 0.4364140619744848 0.019320498920265904 0.0395470930150528
1 0.7637634519610549 0.4932343265575617 0.018458905767811017 0.05881352937123173
1 0.8593204310631222 0.4000484584389443 0.031189443244739934 0.04504882034371036
1 0.6750675990909926 0.14786040785037216 0.01871972162236979 0.02288042634838613
1 0.5840776052602432 0.2114790911037256 0.011658193244739934 0.042823719240392126
1 0.7373895215162415 0.33993904792255925 0.04598312846991526 0.045351008293343396
1 0.13326097393872174 0.6847099568188336 0.019551036397194556 0.02435831928140778
1 0.06688440353451361 0.6590754733029814 0.018769786397194555 0.024269315237275022