1 0.38291606874176354 0.6679078356133569 0.018109650565734103 0.04491610757195777
1 0.33718567266452465 0.6548422286730874 0.022070442720211858 0.06198724206827724
1 0.2908740144870374 0.7028068392779984 0.01339487948849527 0.036097412843041195
1 0.5298976200205254 0.5963507172357065 0.02996021077238851 0.08640728883869365
1 0.5686015717177277 0.7294811686329694 0.018913626463433177 0.05194144558233297
1 0.6019922799069355 0.3129420434279892 0.01961760841125635 0.028411228037152132
1 0.5476522257013073 0.29412549615137273 0.028243174668035033 0.03902327948461025
1 0.627930338601059 0.36352819777036344 0.008739195745273775 0.04533427366968033
1 0.6682460059519283 0.15388622109282754 0.020421584308955333 0.03543656604752717
1 0.6922905478609164 0.4611336923988893 0.013367608411256348 0.027764079509707863
1 0.5137286897442477 0.07054863071043624 0.02119828912941557 0.03412857072456883
1 0.5468909081283894 0.061486607262483874 0.03284431625677868 0.013119751991304598
1 0.346273545032246 0.21010095847981616 0.011823289129415571 0.03315784793340239
1 0.37686982049978424 0.371548694101475 0.023496587334017514 0.020482362533471448
1 0.45836902405320307 0.09813852086270176 0.022915325233769223 0.08151258007865209