1 0.5996735912944116 0.07940647617982954 0.035066358767505613 0.029948205789832313
1 0.6205298625917486 0.5483518609606209 0.022784682588823203 0.03698724206827724
1 0.5880021146586631 0.8829533908551916 0.02078553494618802 0.020158788269749393
1 0.6579443373632156 0.9504482445407799 0.010883996071058633 0.028829394134874696
1 0.370703125 0.9798611111111111 0.03046875 0.0375
1 0.4224551586008899 0.5119135665579739 0.01471747146395277 0.02645608418674957
1 0.34199706306795064 0.29581445089530956 0.02809076674922295 0.06108371457497144
1 0.28276868930855026 0.3250023129853252 0.0282727032669877 0.06802815901941589
1 0.5481079181136572 0.23751147510468537 0.026292826302517013 0.08167436721051315
1 0.5056262623012984 0.8910453395332218 0.02202270326698752 0.06738101049197162
1 0.4025076086628071 0.5534794402778497 0.02456550641014079 0.045482362533471606
1 0.6596534057054058 0.7331611778615644 0.017988020678164317 0.03233521400602702