1 0.7137763656653761 0.9392691673458632 0.0529142489202659 0.03963356534925929
1 0.7076853986710973 0.5966494422530236 0.02191457279438911 0.0452849398850617
1 0.692612308757845 0.5040787879132089 0.02826470234403846 0.04832133164456801
1 0.6496604942921748 0.3326814783891966 0.018238860271317846 0.029877855116419817
1 0.6224855274501668 0.4687290972677769 0.023266321714655015 0.0827849398850617
1 0.6066697058139535 0.06252758738935095 0.021894786397194464 0.023095044410555588
1 0.6542613506321521 0.015352113394350879 0.023607480721668496 0.027326364572654357
1 0.565994641039129 0.0628196893816967 0.04094517504614252 0.03220421968907412
1 0.4838457271733116 0.2908589842984561 0.017377267118863136 0.04925764606543213
1 0.4126611420404213 0.3563976985837648 0.04383963756921379 0.047578977710000143
1 0.43537900331303164 0.6719011829641044 0.027984100092285046 0.062177893785740755
1 0.3264650782668891 0.6458067185933637 0.030408193244739846 0.04286275633216058
1 0.2999637338039875 0.550927024317654 0.015264054595791877 0.03391521479222222
1 0.27066161281376977 0.5736993818824996 0.02194485117201923 0.024483933299444517
1 0.3726898349760067 0.5715640746388884 0.01722707279438911 0.04509097939876546