1 0.6041749364736958 0.2771436257226042 0.017460210772388508 0.08457837681446807
1 0.672259588551961 0.30763671135023796 0.028293171642972938 0.05342623276710938
1 0.6823320131708981 0.4006793002814114 0.018105105386194253 0.042968303033307446
1 0.6775952975172309 0.7441593024782628 0.05168976502711473 0.04262401933229335
1 0.4707344917499737 0.8112397504707196 0.01731021984757497 0.03874504348113482
1 0.4094783083013399 0.4794862915435802 0.02675794272021186 0.06164638032943041
1 0.35015531742562417 0.38028683217707043 0.014998286104353475 0.04829748704683855
1 0.3031101336333049 0.45107181286130216 0.029819310206654494 0.04242830742701058
1 0.2785914017836776 0.36115952564532533 0.014167039129415571 0.03296311638355481
1 0.24857918188700476 0.38347724062620003 0.02117556323171659 0.02652800790866539
1 0.3979019501355732 0.1656669621645795 0.041542605386194253 0.04466608959849133
1 0.47115309777444114 0.10340278648255921 0.015007376463433175 0.0510752648246164