1 0.04780382753973795 0.10741714311658457 0.023365578130301122 0.036345440367385684
1 0.13538320045156232 0.21177416028922294 0.023593756623421936 0.0877262489370927
1 0.5554117302145521 0.3209582421626411 0.022748019237293703 0.04467069338153714
1 0.6488207070749843 0.3045667693533559 0.013618555897782514 0.05707372955135455
1 0.7386136106144388 0.26314297526734315 0.01940476442797028 0.03352726099369852
1 0.9145635135633299 0.293429229145898 0.020267859981466785 0.03770200797954707
1 0.5586334612937446 0.3855617762939291 0.01100198738612832 0.043160599704920026
1 0.5497334210474676 0.509055722776903 0.020939982576804895 0.03215453274317339
1 0.9406163705919806 0.6852857833133389 0.024228673683797552 0.040520187353234226
1 0.7956238183223953 0.7796000166404784 0.032150301088459086 0.04615654610060839
1 0.5394817011269435 0.7227951257609271 0.0283531784931208 0.05167170006025464
1 0.8055233799365504 0.8859308198322972 0.03535714664195524 0.05035553404400288
1 0.605078125 0.9715277777777778 0.01796875 0.05416666666666667
1 0.28343503729346103 0.23344022950348758 0.014771828130301135 0.03625655685638504
1 0.9551066845683887 0.5083882973211888 0.023184528855940557 0.06689291560375936
1 0.9136942446849314 0.6468206481763014 0.01695188702330839 0.02794746448059726