1 0.3998537729334554 0.41522663311199953 0.043123286104353474 0.048555595237572094
1 0.567977579918656 0.13430355518788653 0.04306874394987581 0.03188892857090551
1 0.6093701943800366 0.13975510857843584 0.02116647287263689 0.022876787157030364
1 0.6405083166004643 0.4136657442201816 0.019617608411256527 0.02699496753222977
1 0.6746944312091385 0.5918278975386617 0.028288626463433175 0.05087275324641086
1 0.6841487114106617 0.687269825749221 0.019681240924813714 0.046439411976674214
1 0.4066208816392994 0.7349135090137804 0.02599941861791084 0.06746669047587658
1 0.2989061029994053 0.7017068437914276 0.029038060206654493 0.04117477416992238
1 0.34993052010478504 0.6289770927085583 0.016551695745273865 0.0449535505048508
1 0.2757890381569618 0.6030628827527519 0.013390334308955332 0.03374546681080517
1 0.2456427354638647 0.6229628549753402 0.02195681323171659 0.02567880808054181
1 0.47427251083320704 0.35641862084558384 0.016560786104353475 0.04773132828262858
1 0.6045091962362532 0.5507571255337456 0.020585210772388507 0.0839636551224078