1 0.6721936252643627 0.5973255218398058 0.019500157759274116 0.04855430949620351
1 0.6651115568095669 0.5062115248033435 0.025772889812585475 0.0508501904393823
1 0.6340368846334185 0.3333655163207678 0.018423391066226813 0.03038537993386162
1 0.5966301613555958 0.47596734662614926 0.020804244985435004 0.08061212794743414
1 0.6095861170824411 0.06533813234963694 0.02145746285298138 0.025283320405451053
1 0.6610720607350927 0.014913266352974899 0.023065426959604098 0.028287846196801365
1 0.4716649167658721 0.30150512818353925 0.018741639812585476 0.04982982437830606
1 0.3959050841585648 0.6921509703430714 0.0237019244523216 0.06717673508569028
1 0.5697878311890638 0.0683424289179581 0.04029839106622681 0.03355985212387671
1 0.39483799231355043 0.37639129573069474 0.042133675705962936 0.05045326680411585
1 0.339808854183571 0.595679535734143 0.014031407759274205 0.04776069144869963
1 0.2897759303580699 0.6763765222693949 0.030392193652651577 0.047363767813433176
1 0.26872229011651944 0.5817477017995297 0.016170569279472156 0.03560081346905848
1 0.23791255931684932 0.6070026213975269 0.023846676959604095 0.028401220203587565
1 0.2654359576405608 0.00646334989044753 0.021571123119538172 0.01292669978089506