1 0.6790347806134797 0.6399253055843331 0.019049992003499838 0.04738585828492508
1 0.6710455599538657 0.5482757684093682 0.02530908267027261 0.049292255491011065
1 0.6382247903007743 0.3733119421063502 0.01815056333545435 0.029265614189719714
1 0.6021685642902748 0.5137229263905845 0.020040327339272322 0.07939499126901903
1 0.6111003109882278 0.10348319585116508 0.02123920066836362 0.02396881279276278
1 0.6621633716581823 0.05622288521838222 0.022819882001908987 0.026875967649839873
1 0.4753071669716832 0.33127629133757175 0.018277832670272432 0.048710058634164236
1 0.40328507427595717 0.7175891269219463 0.023074420671545148 0.06576485653872877
1 0.5712747423217733 0.10400453359551952 0.04002556333545435 0.03107689329990997
1 0.3991077463001379 0.40143996857247677 0.041697151336727065 0.04787293704587591
1 0.3461589196172977 0.6175149677449092 0.013581242003499838 0.04693303850737733
1 0.2968489892783434 0.6951691125841236 0.029969310669954386 0.04551372006224218
1 0.27483363128582033 0.5991284135672968 0.015843176002545256 0.034627104126326455
1 0.24422852128422953 0.6224845999469666 0.023601132001908987 0.02694065618948953
1 0.2657838129972956 0.014423423767282059 0.02128465400222712 0.028846847534564117