1 0.7807601547205808 0.2733878380870386 0.02370288402808356 0.09554766879127198
1 0.9345386745484376 0.31735502569214163 0.02021329627913602 0.036947323325540536
1 0.5876599573066523 0.2381648927197435 0.026490578130301045 0.039048244567491175
1 0.5345709182415017 0.2502126752963398 0.02749008293962447 0.050248359722735045
1 0.43491937586464025 0.3008037212911714 0.016252482576804894 0.03372452532709905
1 0.5114533494133614 0.3707707347934891 0.04677579627913566 0.03997346082605336
1 0.2562772652926105 0.24704395982937655 0.015634923683797375 0.041968854616299706
1 0.27951758589244047 0.33947542257495716 0.013990578130301135 0.03762417986136752
1 0.27883925685509003 0.4138699821746455 0.017852188111767652 0.07548019603789839
1 0.18051335690142364 0.49662798272425335 0.030124009618646853 0.025604375899265917
1 0.4006609211943177 0.5899161847914379 0.027943950725639332 0.03367069710020113
1 0.43476061348243655 0.7274327081990094 0.025691969962933214 0.07775912536811486
1 0.6131857138452563 0.7324478524834941 0.03597470553496294 0.045671848652639506
1 0.8042807117570806 0.6505146089413926 0.021721232576804896 0.034347553636028115
1 0.5934051933844272 0.9222899362454399 0.024419646641955416 0.052670121323982105
1 0.5529228090822664 0.8306781623067169 0.023901291469812236 0.0262812324350929
1 0.5382898628494643 0.9577708218448818 0.01996775961864685 0.02444732332554054
1 0.54921875 0.9951388888888889 0.015625 0.006944444444444444
1 0.20598083249591143 0.9540163828883157 0.019486609981466608 0.039636097059185554