1 0.39457957953971123 0.357074201115621 0.04374163981258565 0.052117444649522324
1 0.5664498825218474 0.05191622456010567 0.04346885517284953 0.0354507779828557
1 0.6077879363619134 0.05136567688773766 0.02145746285298138 0.024625331413805934
1 0.6353523378862349 0.32063317774496236 0.019963159012915455 0.028613989992207205
1 0.667219626089039 0.49375583111438925 0.028943353919208194 0.05320414558877833
1 0.6754281054372122 0.5877821694516191 0.020281407759274117 0.04805843443665165
1 0.39716370727810296 0.6756286051187381 0.026872388558944315 0.06960380012304673
1 0.2898399464242967 0.6580500520979436 0.02956547954602886 0.043570927410688874
1 0.3418373612764534 0.5779592336737608 0.017133675705962935 0.046313529371231725
1 0.2680050561827462 0.5628035067552589 0.013826819279472158 0.034846402083589745
1 0.23758595038307612 0.5870634957877023 0.022284176959604097 0.02749211323571643
1 0.46979853988541026 0.28750770581190055 0.017179139812585474 0.04909130714900951
1 0.5975436235817566 0.46287730619744605 0.02167642319868044 0.08564743848078425