1 0.71099085639818 0.6328377682324151 0.020552800620418664 0.0475802593094348
1 0.6987641899964274 0.5412773315270172 0.026857430942249395 0.049551456857024015
1 0.6577871338020763 0.3666658570809232 0.019061356436617417 0.029451915171541523
1 0.6280392856633321 0.5074413432861132 0.022590548022528623 0.07959749233621664
1 0.6181733407232264 0.09713681240519059 0.02196783514929379 0.02418751394533625
1 0.6672610507464694 0.04934999899769381 0.023639595792955603 0.02711086888778915
1 0.4923206709288417 0.3263231152339171 0.019826180942249395 0.04889635961598597
1 0.4377581291104994 0.7133568546175152 0.025169244804219913 0.065999757776678
1 0.5782203300795645 0.09807125232662824 0.040936356436617416 0.031489995476993195
1 0.4190524157330615 0.39727249660954905 0.04315442029858776 0.04830223930833502
1 0.3758210398122689 0.6138820985993833 0.015084050620418666 0.047070739233071715
1 0.3298883218693048 0.6920424961065919 0.031381039976756855 0.04582152168438272
1 0.30338063418022865 0.5962366983277143 0.016936127723940864 0.034789104980084556
1 0.27373133900769164 0.6199087863722124 0.024420845792955604 0.027183657470126833
1 0.2674086982066871 0.013099066787809395 0.022240986758448232 0.02619813357561879