1 0.40248997706654455 0.4401547148081134 0.043123286104353474 0.051225594250787924
1 0.568741170081344 0.16962036031723954 0.04306874394987581 0.03455892758412118
1 0.6101610556199634 0.17764482184779673 0.02116647287263689 0.024187513945336293
1 0.6430854333995357 0.4535458203903033 0.019617608411256527 0.028208603447327757
1 0.6784305687908614 0.6338682456376579 0.028288626463433175 0.05262038896415204
1 0.6885075385893383 0.7299169918057662 0.019681240924813714 0.0476530478917722
1 0.41134786836070064 0.7603270450759335 0.02599941861791084 0.06906868988380602
1 0.3034376470005947 0.7204211096022394 0.029038060206654493 0.04297095532426738
1 0.353975729895215 0.6508468118986251 0.016551695745273865 0.04597300467353307
1 0.2796797118430382 0.6203207854654461 0.013390334308955332 0.03457073923307171
1 0.2496697645361353 0.6383517583787833 0.02195681323171659 0.027038080305451708
1 0.4765087391667929 0.3859585190190703 0.016560786104353475 0.04875078245131085
1 0.6079908037637468 0.5884283843383888 0.020585210772388507 0.08522583647410992