1 0.37685359057077567 0.728503917315699 0.019644114653892507 0.0854699859204961
1 0.30992890179868005 0.6846377608725248 0.0296399123699004 0.05488522948606437
1 0.30292696828430915 0.5896737537207278 0.01919705732694634 0.043900439825973255
1 0.31889940694283353 0.24734660245625043 0.05270892017181659 0.04529884665037732
1 0.5274660411015163 0.22100022074101472 0.01829297659425162 0.03963665258716276
1 0.5777139453308163 0.5645896159071957 0.028323073835289668 0.06302432167511035
1 0.6336480238022331 0.6753944413262721 0.016235831637205676 0.0490675130929538
1 0.6828994123141297 0.6139091248298587 0.030874863749381375 0.04396835951924093
1 0.7044158861948479 0.7085865292329822 0.015004202283992286 0.03369261474303219
1 0.7350876930695385 0.6921867823716282 0.021830734396167627 0.02762225544788161
1 0.578987100012372 0.8804840769644698 0.04263455732694634 0.046814056990286367
1 0.503870913332212 0.9282991876274005 0.016317718792335612 0.05184529087073157