1 0.7849772362890246 0.2571075144446852 0.02217952702916719 0.09509363586100711
1 0.9393604697002811 0.29787214834524167 0.019644879488495092 0.03654193678066117
1 0.5915746820833965 0.22589789587169534 0.02589942466803503 0.038513134328250466
1 0.538899394417414 0.23904022211946577 0.026717036104353477 0.049697034021699144
1 0.4406641549069355 0.2916744163004891 0.01572953912941557 0.03340021609119559
1 0.5185985178066871 0.36002799135418717 0.04620737948849527 0.039016748580138164
1 0.2612581955979801 0.24163610332068647 0.014975560206654493 0.04166076084219144
1 0.28655135967829776 0.3335486712888216 0.013399424668035032 0.03734851701084965
1 0.2875757767836776 0.4079270154267148 0.016647144515609825 0.07513967134019973
1 0.19139820140261463 0.4926876255080264 0.029760222872636976 0.024988188351049385
1 0.41310529020006526 0.5813787441562794 0.02744374394987581 0.03310315593737004
1 0.4502603774358869 0.718133140859478 0.02446418969514976 0.07725644605246423
1 0.6283353804609491 0.7194511598546632 0.035292605386194255 0.04494215287185676
1 0.8170592645852333 0.6335937745581298 0.02119828912941557 0.033909736167558435
1 0.6129469902374426 0.90962566058341 0.023601126463433174 0.052183657470126835
1 0.5704754165162045 0.8188895215816264 0.02351476805217665 0.025794768581237627
1 0.5587864706236368 0.9462335207776164 0.019603972872636887 0.02404193678066109
1 0.57109375 0.9888888888888889 0.015625 0.019444444444444445
1 0.22725720252236226 0.9493625453531012 0.01887271984757479 0.039246925976101465