1 0.3225924126522058 0.029317877705135213 0.05328436772806615 0.038033301066004235
1 0.33206242728066226 0.37174363136970134 0.022353232122152546 0.04465453274317339
1 0.3480539601614192 0.4646779821375287 0.028730777879787082 0.04749695307440618
1 0.3927124335741691 0.637214873802647 0.01852673045516262 0.029344433688668105
1 0.4185577143288941 0.5021613584939675 0.024075099850218783 0.08215453274317339
1 0.4383831563829449 0.9083992380151946 0.022114116061076317 0.022440390840132964
1 0.3912370249445061 0.9540471870125422 0.02386793469752808 0.02662321814516354
1 0.4790719292617622 0.9093679503066256 0.04124675333398002 0.03096765183383165
1 0.5590069843327734 0.6841291178855627 0.017857050758604488 0.04877271749474864
1 0.6295747047859963 0.6208695678824658 0.04429200500096986 0.04626967056915498
1 0.6037382498550679 0.30501451028838084 0.028587256667959693 0.06137776164411327
1 0.7129537531890479 0.33445498179683664 0.030819436364518005 0.04196563847639633
1 0.7404009568274393 0.43004994571430444 0.015593049091614474 0.03347877907860727
1 0.7694906022057717 0.4082110756480241 0.02217788893989354 0.023829279729021855
1 0.6674418178875458 0.40718222396792647 0.01766573212215263 0.04460605082808213