1 0.3229316062615356 0.01097606071100633 0.05367571252307126 0.015827239482145785
1 0.3270345226698049 0.34145081307474306 0.021964637569213786 0.04604342163206228
1 0.34057014497046945 0.4353058572241076 0.02826470234403846 0.04749695307440618
1 0.38164393159837673 0.6106654314277014 0.01897004549649317 0.027963625118961014
1 0.41103748650332295 0.47282652102725964 0.022485071714655015 0.08214645242399159
1 0.37438379742063627 0.9292215037673361 0.023607480721668496 0.02662321814516354
1 0.42317234962624717 0.8852982399101231 0.021163601172019143 0.023821199409840055
1 0.4649191598514225 0.8843416480974648 0.04245761027131785 0.029594923583306353
1 0.5479244208794768 0.663060783059932 0.018939767118863138 0.04878887813311255
1 0.6205713764627176 0.5985587159236149 0.04373950801956461 0.0434918927913772
1 0.6005628578026951 0.28180316574594755 0.025690414867109723 0.06274240957545645
1 0.7094016856866008 0.31139047201526954 0.029626943244739933 0.041957558157214456
1 0.6632770585271324 0.3858854520664019 0.014783193244739933 0.041804032092758646
1 0.7363186875369145 0.40816065936850376 0.013751619370616553 0.034851507329132246
1 0.7656208085271323 0.3869439738792285 0.023557415946843817 0.025234329256274654
1 0.776953125 0.9895833333333334 0.02421875 0.018055555555555554