1 0.42582359710485934 0.6873765488365209 0.020739475104890735 0.08368887941155537
1 0.3563452576852808 0.6505538590423398 0.030315384648015975 0.05197069156234306
1 0.34258366069227875 0.5566018442251681 0.01974473755244537 0.04203837393026251
1 0.3338207381771453 0.2136674975599156 0.053220088382282336 0.03995552712355498
1 0.5386320037365886 0.16586687835062036 0.01878588879720091 0.03785554607822203
1 0.6131145533263145 0.5032224007355086 0.029108082158504977 0.06027170252492908
1 0.6765092974148871 0.6079147924534474 0.01685653589277152 0.04752928474432312
1 0.7209037425384338 0.5415314330574468 0.03140428796736394 0.04089190282197942
1 0.7490296651538136 0.6336990964706991 0.01542409045687485 0.03223534578117153
1 0.7782493961701317 0.6141824132186987 0.022159342531467275 0.025436352005090788
1 0.6370701343472769 0.8180239100713872 0.043182237552445456 0.04252320949147411
1 0.566059817335619 0.8734492030907013 0.01697493506293455 0.050307062522100904