1 0.32248494024941554 0.05257282814042822 0.05316088879720082 0.040701070536743544
1 0.3308276379720082 0.394545930701631 0.0222068867226084 0.04570547223164646
1 0.34651276017246957 0.48832900228826465 0.028575285892771342 0.04887125855933255
1 0.39060185851511775 0.6635252191856427 0.01843069128671173 0.03023369017891437
1 0.41689074876221116 0.5307915407817004 0.02380527551980922 0.08320547223164645
1 0.43537850239855336 0.9371142923848084 0.022040943361304244 0.023531751078162858
1 0.3880837389137025 0.9791976139431692 0.02378104211654879 0.02779541988230676
1 0.4760627019836349 0.9410252368481012 0.04114614087179334 0.033029110061220814
1 0.5567363439929707 0.7223215547318469 0.017696985477853033 0.04958113248588189
1 0.6275098626643028 0.6643806551932694 0.04414108630769 0.04845239104521445
1 0.6027138320582587 0.34770516747433844 0.028386031743586494 0.06271164637948282
1 0.711828722930052 0.3849538705158123 0.030682237552445278 0.04346120620999253
1 0.7389603693006762 0.4822179853769325 0.015483290041956366 0.034206352570627034
1 0.7681209007319129 0.46255749874558855 0.022100142946385758 0.024920639967051746
1 0.6660789763542907 0.45414477594187586 0.01751938672260849 0.045414465819215225