1 0.7742634065770884 0.22111696994068883 0.022867070325752793 0.09136891633672212
1 0.9302368708236488 0.2548535096899453 0.018623514427970278 0.034262821735397055
1 0.5259486749073328 0.2145157824686776 0.02827133293962447 0.04863666109492786
1 0.5790959949165995 0.19853404140525868 0.027189982576804893 0.03331847077792989
1 0.8133383360196674 0.6012259000013276 0.02085813702330839 0.028828503797502
1 0.6239373020803264 0.6934081612257214 0.03522073738612832 0.04483370728124261
1 0.5690067546200643 0.7974024903070942 0.027080855172143002 0.027762915222374177
1 0.611713854392321 0.8856352597272638 0.02522817849312098 0.052641677604713916
1 0.5582490758528664 0.9251876993625735 0.019186509618646853 0.023192123163506217
1 0.5710454589739008 0.9806549985619871 0.014799109981466607 0.03822742570596284
1 0.4441865592943115 0.7007597376021409 0.02722718811176783 0.07494472490537653
1 0.4060206265824304 0.5655876337342903 0.027080855172143002 0.027762915222374493
1 0.5080642596610558 0.3370761675600646 0.046748514427970275 0.03571767314732281
1 0.4275124195074461 0.2690854059403293 0.017842264427970277 0.03422240919617686
1 0.27397075725639414 0.3194170565080708 0.011646828130301134 0.036676886660193336
1 0.2742311794425791 0.3922731043659071 0.017797624409436885 0.07168199665695675
1 0.24564857785622402 0.22845969684125197 0.014799109981466607 0.03822742570596284
1 0.18160965902415907 0.48460540934248997 0.02937004146981228 0.025106375062256978