1 0.37035840117720176 0.2902262770100402 0.045577884028083646 0.09894920313700387
1 0.663368057395395 0.11360484078517853 0.018923614790789856 0.051031716367777355
1 0.6729774423305279 0.2458020341464827 0.01985863221398514 0.019297759336956075
1 0.6697854823027278 0.30147319375901904 0.022284227767481467 0.02378015712405749
1 0.5735788876562807 0.32245075189216127 0.035084328130301046 0.04074183421082051
1 0.5305952686891395 0.4745747065236116 0.036755955534962935 0.04650787717999915
1 0.47793779395929203 0.66972231555755 0.03581101442797028 0.03806930013985424
1 0.41566101061051414 0.6925001971592181 0.017814982576804896 0.034259805994299106
1 0.6484883795776554 0.5659504632829809 0.010057046279135663 0.03598514670396121
1 0.6423536968657743 0.4321435332689955 0.014017859981466606 0.039289143015796904
1 0.6419072966804398 0.8060910962008797 0.024791668874473947 0.032429221577825726
1 0.6591282849736173 0.8894459703371114 0.031287205534962934 0.045771171232318074
1 0.547265625 0.9958333333333333 0.02734375 0.005555555555555556
1 0.6881994706807233 0.9612376774844777 0.030451391832631992 0.04288814974772903