1 0.7760462618722164 0.16530699062881665 0.023755082541716988 0.09071412978286844
1 0.9322724680571666 0.18778535918388906 0.018951395861557075 0.0337050405969291
1 0.5277930079712583 0.17669624757766236 0.028735831637205677 0.04778786371030274
1 0.5807558946741324 0.15683920637956195 0.027504202283992286 0.03249392474715122
1 0.8188440117586449 0.5431246848434028 0.021131371551297205 0.028197968597494752
1 0.6304471147096634 0.6491675085932997 0.035644250904511135 0.04376664771199962
1 0.5765685201821589 0.7572917195700263 0.027340427973732595 0.026938369191595434
1 0.6201226469911811 0.8425543684490167 0.0257336623699004 0.0518898856354743
1 0.5670745511069099 0.886038681943602 0.01940509724103805 0.022610090671191883
1 0.5804105724207225 0.9406573752741072 0.01516797659425162 0.037790901336727405
1 0.45086031264044185 0.6695593284886108 0.027951259610938452 0.07414443022844416
1 0.41138285419421383 0.5369613290897822 0.027340427973732595 0.02693836919159575
1 0.5111244863745321 0.30072754950849045 0.047076395861557076 0.03428684327038335
1 0.42994420680654793 0.238479020935035 0.018170145861557074 0.033688879411555364
1 0.2769763370642727 0.3000122689723666 0.012002033016686831 0.03633736770634333
1 0.2779539998864287 0.37295317741709383 0.018494372455808695 0.07117271822618156
1 0.24777297631133824 0.21097841594174005 0.01516797659425162 0.037790901336727085
1 0.18628880031597 0.47213090306953726 0.02960229081860293 0.024209074969939102