1 0.6576924262176463 0.2477538913997243 0.055915031213767105 0.07886057719781753
1 0.9389579503890004 0.4636737378528183 0.008625571970431877 0.03486767289058593
1 0.9227111325860438 0.46748534496788874 0.02444189060688373 0.03935756326472699
1 0.9731887200184268 0.8515287974044143 0.032509482122152634 0.04507473067401975
1 0.9678952487317091 0.9065515203692628 0.021221166819680802 0.07120504059692918
1 0.9254049242607923 0.849736851934434 0.019116661818710766 0.025371707263595847
1 0.8964426957021405 0.9427848134239287 0.03309941348570078 0.0409242251927269
1 0.815519870168208 0.7727681064785945 0.05062175333398002 0.03157371023410052
1 0.7305788375169721 0.7877322007214622 0.010969321970431701 0.03491615644670705
1 0.6985874616834771 0.7807478398402093 0.013504390606883377 0.039131306669494846
1 0.8803401082697574 0.558030268830959 0.019547096516238937 0.05174443496711092
1 0.671538999710136 0.6089215666596436 0.02311850666795969 0.061531301930828085
1 0.5787138998599171 0.5288194973478041 0.026371052425594323 0.06437372445010081
1 0.46002786614566527 0.4304845859679241 0.021619779546777095 0.0628878684489695
1 0.43731602440087514 0.31904265708327745 0.019371753333980023 0.03092726281915132
1 0.54563793380369 0.7366447263951168 0.020296524545807236 0.017070696301009824
1 0.6203509558490123 0.7288432525992388 0.02217788893989354 0.0240474631162019
1 0.4087757270608396 0.7193178837612567 0.01838320924333523 0.04339494044840377
1 0.364348059637185 0.7480410908833975 0.025924642273873387 0.05465150222787858
1 0.267050935011638 0.544998113126831 0.041884482122152546 0.045268664898504576
1 0.32833074683519803 0.798138544522266 0.02429836939505616 0.05323029096824206
1 0.1430629910007332 0.7484480396774962 0.022512599850218785 0.08233231289341379