1 0.6810791349411035 0.6165718315081447 0.027039786931630873 0.05163724861162393
1 0.6925601286501527 0.7129122749928254 0.018432400162155815 0.04926931523727502
1 0.41583003327653534 0.7438158393257063 0.024818767856907443 0.06387023647922566
1 0.35467829910484794 0.6355736390385972 0.015307400162155815 0.048913299060743994
1 0.30695672950229436 0.7029720549690347 0.02932898985373029 0.04634870518846665
1 0.28218084902377 0.6037296538452086 0.01282728246740401 0.03475739803945714
1 0.2515260255658976 0.6210473274352991 0.021339211850553052 0.02740310919158383
1 0.4033117579125086 0.4226089019072246 0.04185626339268058 0.05055054767236792
1 0.47769128490138846 0.36795884569952225 0.015307400162155815 0.048913299060743994
1 0.6111933289347491 0.5725393604692206 0.01955456939903506 0.08408054150363001
1 0.6457466968330194 0.4356613242771039 0.01905000892845372 0.032691652614741114
1 0.6102341164769357 0.1569231544235293 0.020503414772652384 0.021758549591895437
1 0.5691980363227229 0.15016710877322764 0.04013012215897867 0.033705872917435896
1 0.66016109131478 0.11544169304786818 0.021339211850553142 0.027403109191583713