1 0.3672022306850673 0.203114033366733 0.044359074673772446 0.09758559524766536
1 0.6709400296785449 0.08618932277012392 0.01964033800127272 0.01868900581492999
1 0.6670113266828401 0.14288423738274186 0.022011360001590853 0.02309835317938824
1 0.5703590480187719 0.18694281733590568 0.03461135733609062 0.03967042801205452
1 0.5253016340308623 0.35004887105914045 0.036210220003181706 0.0453877706994711
1 0.46998824637967973 0.5586914323668819 0.03537442600254544 0.03697354380020733
1 0.4073021613820659 0.5964533644242896 0.017396585335772485 0.03372410289491622
1 0.6422033253699755 0.41369017417993553 0.009602266669318026 0.035692945013388704
1 0.6378149963597942 0.2807208618932896 0.013526698002863569 0.03887519062081905
1 0.6324569763884293 0.6565297975525949 0.024409654002227298 0.03167436721051315
1 0.6486137803946336 0.7361619262339844 0.030741470003181705 0.044821515737957424
1 0.5344021054065647 0.9043437272087377 0.025463624005409004 0.07342192744311041
1 0.676793598066497 0.8013457601990059 0.029942038669636163 0.04196284439424921