1 0.6672605335839505 0.15778268961742153 0.02313362311953817 0.02963534104250477
1 0.6694080552915629 0.09799582265370438 0.019872230799670022 0.021237362967676532
1 0.6402027658351176 0.2951942896244919 0.016306961599340218 0.04198989037414123
1 0.6478537929530063 0.42841449466020914 0.011573997492717503 0.03911514548412103
1 0.6432836163891136 0.6744256010326535 0.023983069279472247 0.03381816889454525
1 0.6606290665078269 0.755344296732492 0.02965640775927412 0.046431297192161325
1 0.5495031814786971 0.9132513047599251 0.02776729882550093 0.07416059141381798
1 0.4113827470304992 0.5916931507179034 0.017778533386094964 0.03646665718933314
1 0.4749110437776826 0.5577290446283688 0.03655126543940614 0.03824341452719153
1 0.363327371436932 0.18629969354271106 0.046971939891727835 0.10232623764056517
1 0.5689438797834557 0.19107707956719822 0.03661946159934022 0.0424100811938582