1 0.9890625 0.5909722222222222 0.0203125 0.02638888888888889
1 0.9759632807967125 0.4235704069662288 0.02544905933083328 0.028262554911158904
1 0.9067991052546986 0.2965732368444883 0.03055622436384269 0.06896130751618301
1 0.8853154387843283 0.18761962172301452 0.01875956192273165 0.034259805994299106
1 0.8565287128184714 0.5934502871008878 0.02562471658814829 0.047601755648791766
1 0.8243361484452538 0.6264479887160078 0.026239871253564927 0.06010175564879176
1 0.7232924753537262 0.44292816907962906 0.047294665033009234 0.046381912772849254
1 0.6355282809381244 0.5372387490744337 0.06493122436384251 0.07359203061589234
1 0.6265626755187723 0.6586828239482981 0.031103028510879583 0.08007241862729396
1 0.4743310132190732 0.7134436119679565 0.024706765551388798 0.044718734164202564
1 0.29479491140474456 0.7327359315701023 0.018564072290324064 0.061827096358453876
1 0.4879517147033098 0.3110540877617979 0.02862257747412027 0.0769789097290816
1 0.2330529651275457 0.5488150377042558 0.028554226955740704 0.07559002084019271
1 0.33567560669205965 0.44481331653773637 0.04717708784171286 0.10707204905671404