1 0.6661372660301834 0.12339552865481782 0.022942622158978666 0.030807860346344324
1 0.6686758849427512 0.06344693489057109 0.019735801542127618 0.022248155470986495
1 0.6381836128234877 0.2623233174168531 0.016034103084255236 0.04279852437678918
1 0.6449614926931041 0.3952605005516435 0.011319329545304768 0.03968118928597464
1 0.6387814508902091 0.6417163556255443 0.02376478246740419 0.035031119898517066
1 0.6555948269045067 0.7218062014726687 0.029356263392680583 0.04792727009706002
1 0.5434502700857256 0.8855960218693655 0.027285248782184014 0.0755352692183193
1 0.40745358441327345 0.5709112568498513 0.01754205600635448 0.037356154592245935
1 0.47119562033060697 0.5336317513494602 0.03630569277582953 0.04010327273328187
1 0.3620585793417862 0.167660679781676 0.046307984171687445 0.10467127624824421
1 0.5676159683433748 0.16180452867134273 0.03634660308425506 0.04426993939994846