1 0.6496589334022695 0.8561452401207301 0.045948846674090583 0.10050460958157746
1 0.5398280317074982 0.49587120632226694 0.03693692600254543 0.03599319895212116
1 0.6021053103715663 0.4573159977039991 0.018196016669318027 0.036023858588863
1 0.44498052406904226 0.872361465012224 0.0361738573360908 0.038714383844392665
1 0.34593931574233744 0.9663826134698105 0.021193747334499947 0.01680578568644301
1 0.3475106327378831 0.9079077979227119 0.022029541335136304 0.025195711905282615
1 0.37514900839431536 0.7718143798239606 0.011973288669636251 0.03973778217148075
1 0.36878937305058856 0.6360994189113923 0.011991470003181704 0.042515559949258534
1 0.37421157503181673 0.3897567496085038 0.022874426002545346 0.03497452701301095
1 0.35538857602640783 0.3202533490845645 0.03312158267027261 0.04959912341347948
1 0.4676243993475448 0.15232515846395403 0.027089758672817866 0.08247971366276383