1 0.05553624939273964 0.3928147012979785 0.025777295860084683 0.079942447330143
1 0.28863137013203133 0.5702386554798249 0.04343240016215581 0.048555595237572094
1 0.4835882242305839 0.45333428895509986 0.024805131087432385 0.060473759739964966
1 0.46673087094281024 0.3395822521587818 0.01988580600635448 0.03671718975445199
1 0.6924808932639446 0.2701753892411799 0.05938468262956 0.08237379148557819
1 0.9481865123800308 0.492758960666613 0.02469603693163087 0.04936264862885385
1 0.9642498660731939 0.4883948340430414 0.012909103084255236 0.042054556998404755
1 0.9023714289794071 0.5823372020091512 0.020803423701106282 0.05063032178907447
1 0.4228915474865854 0.7452902961708108 0.018377853084255057 0.042224259018540364
1 0.5586858614070961 0.7640919368617968 0.02127102800317715 0.018710120490363618
1 0.6349668305628975 0.7553445324597151 0.023696598620028198 0.02711618326089788
1 0.7114222134770538 0.8084269267589226 0.01517103246740419 0.03379395310227235
1 0.8306923877870679 0.7989295620388576 0.05341137215897866 0.03081520057655401
1 0.9393650941590966 0.8738513802193443 0.022147735389503254 0.02845658585831959
1 0.905625293834785 0.9672776125429762 0.03478410308425524 0.04273336507894657
1 0.1783972536550956 0.6543446150771158 0.05458808847375849 0.07111722150006522
1 0.15687108117180548 0.7773254043991525 0.023419909090609536 0.07848082900405334
1 0.6948015265851379 0.6307738795008488 0.024132975243233545 0.07156062770534233
1 0.009449317777477232 0.8066621334774718 0.018898635554954465 0.052213155843832564