1 0.803462943641161 0.47453502066415276 0.027458364482389187 0.06405203419963325
1 0.7798699474119453 0.3601523000356141 0.019279877723940686 0.034448857914319654
1 0.9629548710647275 0.7746981954123281 0.025202095792955605 0.02650353313089479
1 0.8883372833175436 0.7797643150356505 0.02509283514929379 0.023725755353117012
1 0.7529160944555733 0.7547312140115859 0.023513909654926123 0.043024696591345446
1 0.6189347603531229 0.5780755398072042 0.045443539976756854 0.04577161540491374
1 0.7166725918576832 0.7843476071565805 0.02562271287323483 0.05701058761771189
1 0.5276813296629749 0.6555402438231743 0.05747364641337427 0.07422840814503107
1 0.5175904176622604 0.7754520568504755 0.026442167700697718 0.07784392095104523
1 0.12554253436438717 0.5862390016502289 0.027223417700697715 0.07789242201978368
1 0.18578857861613146 0.7804850460123025 0.01490373416055819 0.06188712821092774
1 0.1104588477221545 0.34145504972461477 0.04531785383872729 0.062389781002841795