1 0.9499785346117298 0.6601761384459504 0.020457950668363624 0.02348325000942424
1 0.9452191302912294 0.4924843409059338 0.024382382001908808 0.02650353313089479
1 0.8836054703015697 0.36094775973835025 0.02777101133831792 0.06697531518362673
1 0.8683170986433876 0.25083092053637923 0.01739658533577284 0.033011467956692304
1 0.8172660319462299 0.6531435423537242 0.023728401336727246 0.04589947650660062
1 0.7834859232773889 0.6837013105317036 0.023810217337681648 0.058399476506600614
1 0.6933614572923428 0.4935426022407792 0.045576129336408935 0.043090839764613045
1 0.6010282329527522 0.5811859222620019 0.062146011338317916 0.06910936220812244
1 0.5854026856102981 0.7015518870124786 0.02784373667249973 0.07808642629473783
1 0.43127371427436634 0.7451343753317485 0.022928970003181705 0.043073197660084224
1 0.25200865660807087 0.751404259496132 0.016015898671227012 0.060692243596993004
1 0.46708131530475133 0.34515641324369384 0.025481805338954187 0.07516314531074436
1 0.20091487328932017 0.5636816088793918 0.025472714672181596 0.07377425642185548
1 0.3085324712961608 0.46745362912887867 0.04285111867440872 0.10400794660077001