1 0.06321375060726035 0.382355797706467 0.025777295860084683 0.08279463488382674
1 0.29964987986796865 0.5184257975560866 0.04343240016215581 0.05345779259546614
1 0.4921930257694161 0.36739237720642903 0.024805131087432385 0.06323681643259613
1 0.4731128790571898 0.2568055349180684 0.01988580600635448 0.038945461280767465
1 0.6973628567360555 0.1477649320747385 0.05938468262956 0.08905860606452455
1 0.9572822376199692 0.32493484316860816 0.02469603693163087 0.05212570532148493
1 0.9732501339268061 0.3177495649183788 0.012909103084255236 0.043480650775246786
1 0.9132535710205929 0.42242607078104 0.020803423701106282 0.052947724176442536
1 0.4372647025134146 0.6695320537086118 0.018377853084255057 0.044274268822750505
1 0.573345388592904 0.6643883098611371 0.02127102800317715 0.021116653738784425
1 0.6494081694371026 0.6422232330883663 0.023696598620028198 0.029790109092476452
1 0.7268590365229463 0.6817503378643646 0.01517103246740419 0.03548743946227215
1 0.8458701122129322 0.6512663573850165 0.05341137215897866 0.036876099128131855
1 0.9559474058409034 0.7069217742127188 0.022147735389503254 0.030952249967792826
1 0.9240622061652151 0.8061279269421858 0.03478410308425524 0.046655122965261676
1 0.1911339963449044 0.6217981585061622 0.05458808847375849 0.07726725091269597
1 0.17203516882819453 0.7483569937937159 0.023419909090609536 0.08106562397457916
1 0.706760973414862 0.5073312936905083 0.024132975243233545 0.07423455353692089
1 0.021197394680336178 0.8043226418846336 0.02706706047058129 0.05524360511962148