1 0.30295988802788754 0.8354134513402387 0.023803486758448143 0.02963534104250477
1 0.29748578418916016 0.895071028820966 0.02035070482746306 0.021237362967676494
1 0.33763784972822797 0.699213940236198 0.017263909654926034 0.04198989037414123
1 0.3374136106239913 0.5657674786052485 0.012467149011264311 0.03911514548412103
1 0.3556769275880548 0.3201119183110262 0.024748627723940864 0.03381816889454517
1 0.34285717641516056 0.23853061401086478 0.030709050620418666 0.046431297192161325
1 0.46264764746021764 0.08532651092718674 0.029457907057036083 0.0741605914138179
1 0.5827039673127101 0.4123794679962762 0.0186078883676025 0.03646665718933314
1 0.5173576547496848 0.4436931396845193 0.037412518689433405 0.03824341452719153
1 0.6081308481771814 0.8194860108210839 0.04930051349365332 0.10232623764056509
1 0.4030171952690821 0.8062078412900152 0.037576409654925945 0.042410081193858355