1 0.5691618241251476 0.35529708300060686 0.02354758794672147 0.042176735085690274
1 0.5323555146001924 0.5499827050853798 0.021762253460041237 0.032227764849895535
1 0.4528609921285156 0.6997139289181994 0.0331600098858317 0.08786829360478363
1 0.2957873090678447 0.539184805136863 0.020790002471457923 0.02378105750977587
1 0.2809641109498708 0.6228583751020697 0.018828254448624283 0.04010760215608384
1 0.28338079821202034 0.7962427381996082 0.017902424410568153 0.0676586319202891
1 0.30941671619679784 0.8110951915346658 0.023197419467652303 0.026898957307912495
1 0.16040488393442962 0.798468534016269 0.01417258794672147 0.040816247004255186
1 0.06132076165303335 0.8069300148176883 0.016993840418179418 0.06198970235794737
1 0.5410606470331567 0.9637582199674825 0.026195085475263547 0.021796897779501653
1 0.84453125 0.9965277777777778 0.025 0.004166666666666667