1 0.21936299197916015 0.4636854555630584 0.017936799091614476 0.034691792665975954
1 0.4036901945545357 0.46096108390447016 0.025589802425594322 0.06576485653872877
1 0.4851552829653459 0.5486475935996105 0.027104505000969857 0.047903366602122174
1 0.4609603672086811 0.5895360830769026 0.04312811772806633 0.040928492601431624
1 0.5488909953131401 0.5214101977714674 0.014811799091614475 0.034433038507377334
1 0.4982207998647663 0.8077724041868627 0.019626844849248926 0.037598947523053046
1 0.6097084859997632 0.7526659419122032 0.012404276212797072 0.032850083999539315
1 0.6643162376667533 0.772407228925807 0.026466776212797073 0.034014477713233446
1 0.491015625 0.99375 0.03203125 0.009722222222222222
1 0.7601872338737314 0.5382140033022536 0.0187818219704317 0.036145370094514656
1 0.7708298326609343 0.5072722312223787 0.017873026212797072 0.03330290377708707
1 0.9254931760727143 0.6466787313589706 0.03434304909161447 0.03605025199861858
1 0.8575403370579302 0.6583472509809124 0.015401730455162622 0.03033106038036048
1 0.8552361388795504 0.8200386442352917 0.023070709243335586 0.044802146126096114
1 0.8664684756233706 0.8866900961238353 0.019228232122152633 0.04586759231673688
1 0.956966123272667 0.7897209868499816 0.04365427621279707 0.035437625585525566
1 0.9878101675082436 0.4698941553083751 0.022911212577315255 0.07522832460235236