1 0.300023751695451 0.5061349068204953 0.020800500904511132 0.04588990572521191
1 0.0336722730092636 0.5221087336039214 0.03243404172311405 0.07108825293133046
1 0.5151568470138954 0.8505922909420065 0.01874335594746519 0.055272005927075284
1 0.29157438347928466 0.826443971331078 0.02372078301668683 0.0393989573079125
1 0.726450132857687 0.6689725073875337 0.0175117265942518 0.03988085414251133
1 0.7379946028374471 0.5855965728430195 0.024955734396167627 0.028514594210373743
1 0.601062290252776 0.46615293067917707 0.04218085594746519 0.058673226130663
1 0.9841121466524969 0.5957283145430312 0.025078565128862352 0.03268126087704057
1 0.9053292670163697 0.7467917402613466 0.037694751809022264 0.09121294141649261
1 0.7409635518420788 0.8446385510245243 0.02289526741285446 0.06417220929434014
1 0.7662296850962506 0.857294297019462 0.02335229081860284 0.026898957307912495
1 0.61287783440651 0.8405718602415189 0.01204297659425162 0.039087236095007444
1 0.28699646822650865 0.44685209483320576 0.04333392017181659 0.04501108525534663