1 0.367662573202145 0.44876674818844475 0.016352746071058633 0.028586028562181003
1 0.4195771568458161 0.5126461182361369 0.025310369106587773 0.04291945538249169
1 0.23789266325595695 0.4601340285030637 0.013101467535011313 0.05338396586608019
1 0.1905103371605824 0.6711664020992295 0.008431084160399793 0.024015236503312724
1 0.24912658891791076 0.553896803494972 0.023694365177646403 0.07057599554260889
1 0.5029033293026995 0.6316950371532981 0.014753858767505613 0.027116314594851726
1 0.7483377997331949 0.7890310816089737 0.03139770326698752 0.06681345426814383
1 0.6766104451017732 0.9737702539500945 0.04674872146395259 0.027384339813989477
1 0.848168671735267 0.9499615048808109 0.03310575248119925 0.07244983490213978
1 0.5040548565981472 0.6922531477072352 0.034068938998963995 0.07943469188580442
1 0.6459148708661708 0.7121082298453045 0.041226467535011226 0.054838817278006026
1 0.27617487448552597 0.9398441768857075 0.05652398180303493 0.04314706806240925
1 0.6610026775239806 0.4945376247603909 0.018405397642635178 0.017596155068730468
1 0.7052546184874153 0.43285121925900083 0.016716619106587772 0.04247491745106989
1 0.6489543456376378 0.31241875516715745 0.022566358767505613 0.02752043998705334
1 0.8928145845746845 0.29095927708684977 0.014790246071058633 0.028505203483740693
1 0.9263976222092143 0.33789652397103576 0.023202059553293707 0.022005296970717975