1 0.3096339034336034 0.39761471489184 0.0330693651776464 0.071384487193986
1 0.44952690715540244 0.29987665245545353 0.01568065798171734 0.032865964750476685
1 0.48190168248637927 0.34848997618898847 0.023165672249740865 0.020850975437862
1 0.6738162777097323 0.3708379057653356 0.03196062944567011 0.05883598612524739
1 0.057515900642817766 0.6720172137100109 0.03027185090962279 0.08369048291903185
1 0.19796752243774735 0.7022994343950948 0.03199701674922299 0.06022487501413644
1 0.2921327453494421 0.781876176961046 0.02589256596343468 0.06539242201978368
1 0.3818887002713142 0.9550816668551512 0.03481380169541106 0.07842593377590737
1 0.7896970079625814 0.5922687108430672 0.024638281017246653 0.04728836539548951
1 0.9222601819696508 0.4606880538515928 0.026601041356328636 0.06266314531074436
1 0.8453177114367113 0.6645835393953499 0.0348309183207995 0.04930776817797948
1 0.8025864980377839 0.8768630719636027 0.020169104838564066 0.05533069231639161
1 0.5363525492164662 0.8686817913914635 0.010920383374611476 0.02979718056026791