1 0.3817152660327712 0.4684000461429749 0.015806813335454438 0.029395649096388372
1 0.435630880370771 0.5350523665203275 0.024491470003181703 0.04417436721051331
1 0.2525365697008166 0.47306771653702734 0.012064195337363425 0.05399118126673588
1 0.2121351120504295 0.6819343552041883 0.007967041335136215 0.02442004677041641
1 0.26681751937458903 0.5675389094963672 0.022329533338636142 0.0717094642904993
1 0.5227089853795206 0.6585744388889847 0.014235222668681758 0.027844973075638456
1 0.7728731647238838 0.8288239308652691 0.03011476133831792 0.0683517332831381
1 0.70703125 0.9965277777777778 0.046875 0.004166666666666667
1 0.877734375 0.9777777777777777 0.03203125 0.041666666666666664
1 0.525838804384134 0.7192742330364083 0.0325403273392725 0.08109441398092972
1 0.6681081203850885 0.746496862035765 0.040189195337363516 0.05690334964023502
1 0.30644046373724676 0.9554091316558453 0.055732379336408934 0.04602122095884561
1 0.6760558857017711 0.529412029271376 0.01807783800127254 0.018527218683068884
1 0.7182158400302259 0.4699318397257012 0.015897720003181702 0.04328453798527726
1 0.6580726786879308 0.34642281760386956 0.022047722668681758 0.028653908734943834
1 0.9008187073519991 0.3375529388304873 0.01424431333545435 0.029233861964527343
1 0.9358797790221125 0.3862915914032849 0.022792610001590673 0.02317924674531879