1 0.36906969908796655 0.4762701441563924 0.016261669961943958 0.029720189220653025
1 0.4211846501716899 0.5440340144593514 0.02517375494291585 0.044677404403123296
1 0.239358988612703 0.4782522450221549 0.012928422927693362 0.054234586359934334
1 0.19267567165478341 0.686250738856908 0.008353669467652303 0.024582316832548815
1 0.2508980192401909 0.5730074105902264 0.02346667490485981 0.07216382046446988
1 0.5048865115786713 0.6693491710145707 0.014667336463846681 0.028137059187476627
1 0.7507945777765629 0.844775077972876 0.03118367441056815 0.06896835951924092
1 0.851171875 0.9868055555555556 0.03359375 0.02361111111111111
1 0.5062361294114432 0.7301057596837405 0.03381392589344294 0.08175972123567211
1 0.6481371279285686 0.7602817038139057 0.04105342292769336 0.05773092695710981
1 0.2792054320163162 0.9616484155448328 0.05639192144481875 0.047173338399985214
1 0.6625099871298282 0.5433915951240753 0.01835075197716627 0.018900439825973257
1 0.7065524530422993 0.4847957774170216 0.01658000494291585 0.04360907810954207
1 0.6498673836315122 0.3600535028229844 0.02247983646384668 0.02910826490891433
1 0.8936160543348937 0.35623022298191737 0.014699169961944137 0.029525948076365518
1 0.9273470906467347 0.40569097733120374 0.023133752471457925 0.02364982992550245