1 0.9640505948113229 0.7240587619510134 0.02367509449948173 0.042176735085690274
1 0.9315131536407456 0.6489314167635294 0.02491010876750579 0.02990348309926279
1 0.8026529262833808 0.6135013519737377 0.015336055624352696 0.050651843233263584
1 0.7159544660895238 0.7947093238201297 0.0076498341603997485 0.024631477172187666
1 0.8025041459900054 0.7089803628829853 0.015881865177646403 0.07148517656659707
1 0.8781302114367113 0.7408676618779784 0.04224531203449331 0.09744874101276556
1 0.9244550937778655 0.8884013760900763 0.03087116439185813 0.07919483825109144
1 0.744394085403254 0.8915487081992979 0.04771406203449331 0.09824235906026944
1 0.507477359286489 0.8048863027961571 0.017733309553293886 0.023327561482630838
1 0.24625199193722938 0.6882070402869674 0.00868579528527027 0.03446707340119591
1 0.2121209906966297 0.7188053116652183 0.009066784946188022 0.019302669630204466
1 0.10086773645810199 0.89435866896451 0.018769270678164453 0.03316315771163924