1 0.7007845968759828 0.639063215061476 0.011774407981717338 0.03262345940678399
1 0.8291653850272415 0.6865522225991911 0.028707196856846907 0.02396826069680963
1 0.8884312231165825 0.6860716371566534 0.022893844499482084 0.04024691881356798
1 0.8419276353368275 0.905738732217838 0.024565506410140613 0.044510587617711886
1 0.7250483503906395 0.8804565174202403 0.02249358416039975 0.024969141035790208
1 0.7333563291957464 0.7658820051391713 0.04834760876750579 0.029347454081939697
1 0.6992949293814983 0.8948039538397214 0.01727954528527036 0.03435185577684258
1 0.7390625 0.9819444444444444 0.034375 0.03333333333333333
1 0.09272600196221611 0.8301080416996516 0.014972182588823203 0.035595241459515765
1 0.07233001498964006 0.7810030988488906 0.010811221463952725 0.02563051389360093
1 0.0476960420779453 0.8529651736228914 0.020477319892376146 0.03732363782957451