1 0.10969752804730022 0.7742874482636782 0.01023954998588259 0.026582823113373403
1 0.12687768728346083 0.8218162464813754 0.015245568401734032 0.0364020124478382
1 0.08304438729757826 0.8490940005658193 0.018279563140062183 0.033688879411555364
1 0.7406545200489116 0.5676165805573822 0.011157307878390199 0.030765650965413886
1 0.8667924503317597 0.6017878628970199 0.028026289462538757 0.02139897482141385
1 0.9258905819088495 0.5970954711790811 0.024711573663405772 0.0393737244501008
1 0.8751825320288477 0.8222979725228787 0.024066831555913736 0.04352422993139366
1 0.7558976938605506 0.8053342700333016 0.022557539462538755 0.02128584652379762
1 0.7712794056428425 0.6932862966971401 0.04925654735504672 0.026001993493171147
1 0.7673059952324384 0.9098883186223118 0.03399556840173403 0.03678988089680754
1 0.06084628721993237 0.7045126725723242 0.017816831555913647 0.04339494044840377