1 0.5094922914017527 0.10805854797364012 0.02089700804577177 0.0353283008655631
1 0.7591889657232264 0.1775370591538913 0.031217149011264312 0.039810128426767045
1 0.5506982125826958 0.610114123370204 0.06761347091900642 0.09226571572793586
1 0.7472339950178842 0.8853284364992535 0.03159956126408048 0.04953235064898915
1 0.7175084721795141 0.7644137669468886 0.017843063861970522 0.017200015872806614
1 0.8832320251457212 0.6530321060501543 0.01224862772394104 0.03367273737360424
1 0.3973048688449899 0.9556205346276505 0.04502827673520508 0.07353135209183835
1 0.43088219335062206 0.9760831911929075 0.01715464901126431 0.03937375180356165
1 0.26446505368407447 0.9508047554084881 0.02833244963168289 0.0854980028856984
1 0.18579393245485876 0.8353072121193481 0.059822750252101556 0.13225257575691007
1 0.1271892927883112 0.8133743304461701 0.024956077355623753 0.11868587734462986
1 0.1362909591900639 0.9059051435774168 0.039138909654926037 0.04283033766188093