1 0.5091886825258399 0.05047528168796208 0.020782869370616554 0.03633943571346351
1 0.7586821900055373 0.09180691444440307 0.031089313695090583 0.04134705339557563
1 0.5487464412375423 0.5500852357364855 0.0673167103636029 0.09558223802904928
1 0.7443965075535266 0.8041338077443131 0.031439767118863135 0.051069275617797734
1 0.7150659045311933 0.686064952124213 0.01778827729789594 0.018089814538958946
1 0.8811729634459219 0.5552961838139224 0.012139054595791876 0.03423897288842852
1 0.3942002968807692 0.9146230276659553 0.04479086829088237 0.07571540336330335
1 0.4277137037283144 0.9313505534451145 0.01702681369509058 0.04018265968188201
1 0.2613627644933568 0.9249256349619515 0.028053951264304277 0.08679225549101122
1 0.18306373534514703 0.8178766017842238 0.059393588833518064 0.13508375333103118
1 0.12452529611018943 0.8025246648294092 0.024568005860096154 0.11973745758644662
1 0.13332335363602937 0.8944329561629728 0.039001943244739844 0.04477171656984985