1 0.6149772849070276 0.22888813357201052 0.02229561708027905 0.032520847278669544
1 0.5665149646763827 0.3523743379041101 0.01888103997675685 0.04465690436698182
1 0.5347916662372646 0.7431095175615768 0.0361395957929556 0.02827548620519009
1 0.6845320812140215 0.7999585094700993 0.046295845792955606 0.029221737775578224
1 0.6917980960066199 0.8857391190484539 0.014881954827463063 0.02214352781540912
1 0.7807788325129665 0.7930120714577343 0.01946019418380125 0.01980248153165702
1 0.6615375235946747 0.57156498165469 0.02603797611478651 0.028718123523690686
1 0.3744438461326706 0.9212099723590019 0.03128820482746306 0.023672088044498055
1 0.4132010714911525 0.560881818180178 0.02245950804577177 0.03668751394533621
1 0.36784233590559856 0.4466437509407896 0.01213936708027905 0.03157459570828141
1 0.2598605911013786 0.3729284034363305 0.021262994804219913 0.06563581486499036
1 0.2793750516288248 0.5920029991446119 0.027512994804219915 0.06621812352369069
1 0.27421875 0.9958333333333333 0.01875 0.005555555555555556
1 0.30688913836760257 0.06457144680509598 0.020607430942249483 0.04896914819832361