1 0.4161992472286661 0.8887160621642374 0.021994508706427142 0.03383638043777763
1 0.46592759130391503 0.7685674141802454 0.018456750904511134 0.045728820274403385
1 0.5015447684867078 0.3807800032681876 0.03589323439616763 0.030468041470370286
1 0.35222864258219666 0.31469791752073956 0.04604948439616781 0.03204769789514393
1 0.3458043625619568 0.2286736906906984 0.014676653663473083 0.023020549921481386
1 0.2558244937241928 0.3156026476912749 0.019282266508343325 0.020971844339753038
1 0.3729854175140539 0.543968467442221 0.025777927973732594 0.03027727393448553
1 0.6638018894164077 0.2131550902932899 0.03108290366347326 0.02557230260765427
1 0.62144505031597 0.570170049849175 0.022117339439121864 0.0380030471044443
1 0.6657156897323777 0.6869660982312735 0.01183825870642714 0.03225672401300399
1 0.7730678443003619 0.7672591115312731 0.020633404567984216 0.06680517767308629
1 0.7557022026226765 0.5475023875182691 0.026883404567984215 0.06777727393448553
1 0.7656642825644312 0.13360436933839245 0.017266065128862352 0.03171841935283947