1 0.6031261213819554 0.09028999646940963 0.02199450870642732 0.033397135639468126
1 0.5458232154572044 0.22597141260822487 0.018456750904511134 0.04537091710541022
1 0.48690914263999713 0.6274775457592142 0.0358932343961678 0.029735966806520905
1 0.633686766735486 0.6505894188739759 0.04604948439616781 0.03110413499507148
1 0.6350749867152461 0.7354798670065847 0.014676653663473083 0.02272772005594182
1 0.7310326178774821 0.6215669770071182 0.019282266508343325 0.02058140451903338
1 0.6263185416673431 0.42540047226325095 0.025777927973732774 0.029756687506859374
1 0.313228763569697 0.8438549427237032 0.031082903663473084 0.02493783789898474
1 0.37712192446925935 0.4714205928827382 0.022117339439121864 0.0375638023061348
1 0.3393613138856669 0.3665292208236793 0.011838258706427318 0.03202896745091755
1 0.23577596845365126 0.3168482323543533 0.020633404567984303 0.06641473785236672
1 0.24028532677596576 0.5334303760145468 0.026883404567984305 0.06725668750685937
1 0.20649740671772054 0.9536856890629762 0.017184177973732596 0.028599006731932126
1 0.3044042169833132 0.009917428670317295 0.020142081637205766 0.01983485734063459