1 0.28383988675351857 0.5377427248462591 0.0289380719704317 0.036136661094927865
1 0.21779185956229438 0.8052090424324108 0.010905549091614475 0.033818283803975016
1 0.17572378865487864 0.8820115755546979 0.01819189060688351 0.0397375522125123
1 0.1785297953228384 0.943122686665809 0.01793679909161443 0.03418199665695675
1 0.42909608584998216 0.8071330627832964 0.02110959651623894 0.052358789830172885
1 0.3968657873623417 0.6738347982749767 0.022305434697528083 0.027480027447833146
1 0.3677602309987935 0.6764859947208873 0.021014001666989923 0.01632850379750184
1 0.6069103381209461 0.7331956448186506 0.01356816348570078 0.040883965866080035
1 0.6088311253986989 0.9702309006176187 0.04298459651623894 0.053490340928337016
1 0.810307307656085 0.25737486865327713 0.010315617728065973 0.0379445379314218
1 0.8317834370530811 0.4025871513429046 0.02412302621279707 0.033116408081829085
1 0.4549582446245772 0.18218416275093002 0.017346867728066328 0.038308250784403225
1 0.22599633841081018 0.0927473674081358 0.07418667015366047 0.1049856048794832
1 0.8406074772903604 0.8748370111124387 0.015465503333980024 0.03128298126151839
1 0.577278623272667 0.7413619842808967 0.04008273712312231 0.09213675458190507