1 0.555639800457066 0.8105380659169229 0.01984161910658777 0.042054535115636324
1 0.6338386520905598 0.7794991343800332 0.017514985731976296 0.01285554607822203
1 0.573828125 0.9930555555555556 0.01953125 0.011111111111111112
1 0.6638666200376013 0.15547639956851783 0.021821496071058634 0.028214129782868448
1 0.536671650330977 0.057654753907589985 0.018732883374611476 0.029538373930262433
1 0.3857544864558474 0.044805342315551264 0.01980523180303493 0.04066564622674726
1 0.31267870543860077 0.08915184659450155 0.030451633374611476 0.02978079171086835
1 0.35673686259400317 0.36173818201425856 0.05081979135632882 0.06212926578965607
1 0.36201296371076835 0.4139588854232686 0.02249358416039975 0.024063624301575555
1 0.229228292701627 0.39523118109482563 0.03236088978475227 0.07285250845179768
1 0.29247627068041904 0.8155164937053299 0.01858733416039975 0.023982818374706956