1 0.30227700900500165 0.8180496055538082 0.023858117080279052 0.03243152320539543
1 0.32968378406310944 0.9230686085868863 0.044678715471124786 0.02723366933149186
1 0.241467690073302 0.7109510986145541 0.023371798022528624 0.07945967980866868
1 0.46143330572858526 0.7114265861635276 0.017662747402109956 0.03330290377708707
1 0.46694829131413923 0.6009128866873865 0.013811127723940863 0.034368349967727835
1 0.44885920901483695 0.5262705883690383 0.020170388367602498 0.037663636062702704
1 0.4502740615546192 0.4507055210038931 0.018006954827463062 0.02225648120562577
1 0.5055103597031986 0.3035422431805847 0.049131268689433405 0.04144600091862871
1 0.5738997267834776 0.26742347321515914 0.025365986758448145 0.031172011395805853
1 0.5068295181852303 0.18091667494234143 0.04171760643661741 0.031141581839559666
1 0.3140223462095452 0.4204563815853898 0.019443768689433406 0.03898783641194194