1 0.697124274927461 0.8498692228596509 0.017319310206654493 0.0417009256500699
1 0.7574870701560987 0.7986325846824988 0.013535780054229285 0.07887748295182177
1 0.634222547419035 0.9606016733702513 0.04386817466803503 0.03973366933149154
1 0.643485409199039 0.5691138575444106 0.01806419877033605 0.030654503078608602
1 0.5813692164297293 0.5618877853089299 0.018822722872636886 0.023774747173813813
1 0.5385231862773041 0.5958299156281992 0.020421584308955333 0.03501523536422424
1 0.4959541516363838 0.595082167995071 0.01181874394987581 0.03152588365030024
1 0.41519678273560584 0.5002248039667124 0.021371005951928267 0.08646881279276278
1 0.39761839729518234 0.3793572116499757 0.016547150565734102 0.044414014888198176
1 0.34607661104353504 0.5007498682077183 0.015861349336070064 0.07351599301521519
1 0.10163145901436783 0.3874791440116468 0.025935786104353476 0.04935694403066072
1 0.13742124067932404 0.3453159279466419 0.024277837334017515 0.02006090028469474
1 0.036750377190397254 0.9673649405382684 0.032989762002052544 0.05688358533195191
1 0.47331887582516 0.8382804006944704 0.02119828912941557 0.03369103501498501
1 0.9466427463366648 0.8427594334999365 0.016538060206654492 0.0416362371104204