1 0.7230932040374688 0.8426721863260569 0.018639378469915258 0.0415228212589126
1 0.78161245565707 0.7908081349527816 0.016084877390180986 0.07873985683138188
1 0.663992362735328 0.954060384822283 0.04505168414544123 0.03928031269945412
1 0.6603959388473614 0.5624632776655045 0.019020110271317846 0.030468303033307602
1 0.5982114666851244 0.5558808099344342 0.019551036397194466 0.023580451474369272
1 0.5565944656053903 0.5902682012315973 0.021514054595791875 0.03480474835649261
1 0.5141164701550396 0.5899616667492912 0.012820175046142523 0.03140444883814742
1 0.43046860695367356 0.4959381550977158 0.02414770126430419 0.08625023013088762
1 0.40897553631875283 0.3752486671721366 0.01795825801956443 0.0442440061511841
1 0.3615532734403846 0.4971796847304236 0.01822836829088228 0.07335407993234482
1 0.11405830852713232 0.3864388524542038 0.027483452344038463 0.049089787443924456
1 0.14836870334533087 0.3439032362985967 0.024869592072720614 0.0198099350062454
1 0.06836373611572677 0.9670168274100968 0.03476502621816176 0.05654356785792376
1 0.49951540291159213 0.8334027690729964 0.0222452398209672 0.03347245235310968
1 0.9717012835409756 0.8329758354674864 0.017858128469915257 0.04146622837340664