1 0.5582582385941125 0.7747539712966658 0.019705004942915848 0.04244250861185195
1 0.6363500757993965 0.738914734383888 0.01747400148287479 0.013211188449753308
1 0.5769757578528939 0.9626892211279312 0.018478085969555025 0.02296573741969136
1 0.664331108194086 0.11404346074330148 0.021730419961943782 0.02865059996611114
1 0.536824202813744 0.024270811975276974 0.01863725346004106 0.029910181864135823
1 0.3858751623004243 0.020803815436110536 0.01967317144481866 0.041053619722962995
1 0.31294965686321685 0.06961120955932051 0.030356003460041147 0.030395083079876588
1 0.3578980829852151 0.33902158536169696 0.050619423916276676 0.06314769621722228
1 0.3633449518065702 0.3908301413394439 0.022416169467652302 0.024516260047160503
1 0.230507912034688 0.3803696296028083 0.03212409190105418 0.07348296538314827
1 0.2951288623583835 0.7960485885697836 0.018509919467652302 0.02435462630858025