1 0.20280336889639602 0.6725027718584772 0.02067621285298147 0.024747357097960155
1 0.5765877209683958 0.3828492540787193 0.01674723079967002 0.022872865348352416
1 0.5414344768076372 0.42629837442677276 0.020258675705962938 0.04687245874803855
1 0.4162639864078022 0.4003424162171037 0.02469612311953817 0.03217740440312329
1 0.6277279868035135 0.6969127011685347 0.019963159012915455 0.02881690319248299
1 0.824092032528165 0.42817124849555405 0.01630696159934004 0.04360907810954191
1 0.7722089352728743 0.5450810401287454 0.01841503087881229 0.07713665258716276
1 0.8380881679530063 0.5449543951415602 0.020986101411925872 0.09131690319248299
1 0.944310081551522 0.6517185518088247 0.01853705133278325 0.036955995381528814
1 0.9870329590588043 0.6182198546739146 0.017573944906292736 0.02574776369827387
1 0.375816145816429 0.6919316452549877 0.023088159012915454 0.029205385481058166
1 0.46875 0.98125 0.028125 0.034722222222222224
1 0.5384107371992249 0.9560915658446163 0.018264266693047482 0.020289328714862147
1 0.13655272050617756 0.8881160362071657 0.015412051332783516 0.03656751309295348
1 0.023739826107991947 0.7597415816294179 0.016951819279472174 0.03537286534835226
1 0.8818933069076621 0.8872133031766046 0.01851431927947189 0.03556710649263992
1 0.0930747074094516 0.256210634113278 0.02722172954602886 0.043579877230665746