1 0.17103431180672074 0.3321581381694356 0.023459279333095173 0.04345224996779283
1 0.17134262734578848 0.1367074134561273 0.03668589901126431 0.04399071919427031
1 0.08222549702395762 0.1510209391186491 0.019826180942249482 0.04982982437830606
1 0.008547696403539005 0.4304422961602839 0.01709539280707801 0.03174586801529655
1 0.05559248717503783 0.4331495303654853 0.014428486758448211 0.031094024782032964
1 0.10179318487752187 0.6508511073314989 0.01537362772394082 0.03537406545548581
1 0.14508685790005044 0.567234568204229 0.010921074505632155 0.02091830653266571
1 0.19591452547469737 0.5488108336554046 0.053310670298587756 0.051927128892337276
1 0.16905709453244788 0.5996610240947869 0.029982430942249484 0.05130368646652733
1 0.24462268215358102 0.6632669364127683 0.026731744804219915 0.06740348309926279
1 0.4382223577739996 0.5896002844134097 0.015373627723940686 0.03537406545548581
1 0.6460239681074521 0.579468313490369 0.03730325804577177 0.039937426534389905
1 0.5283712004264249 0.1145865424557411 0.01720927933309504 0.042545257913502846