1 0.46537871466423486 0.7994970671049404 0.02635113805964089 0.04660911399680951
1 0.3318292302680671 0.7786184018796585 0.016402927973732596 0.02687375180356134
1 0.23397212403768836 0.9074644552694754 0.013482645861556985 0.03372122366507142
1 0.2772750667107421 0.8644159292959915 0.016443871551297562 0.028262640692450543
1 0.7108522908186028 0.009984525617531432 0.022939533016686654 0.019969051235062863
1 0.6935934093734535 0.07926350361591064 0.013359815128862352 0.029554556998404834
1 0.5070937446287039 0.304696005056563 0.021991186680159914 0.05757476623351891
1 0.5179443744341732 0.3411985212904482 0.032358798620519026 0.012105080086190156
1 0.34258696969684665 0.08250978716142411 0.026228307326946344 0.042442447330143
1 0.2677512836382845 0.24956592135958824 0.032846799525030154 0.05513639249601212
1 0.22847135939616775 0.021690810607358748 0.030380218792335524 0.043381621214717496