1 0.44672883539542896 0.831459056904013 0.02529999200349984 0.04686778926024683
1 0.31375270339352 0.8009635097922844 0.015797722668681756 0.027035423843209908
1 0.21301290873645132 0.9224554770336422 0.012718176002545257 0.0338505612967904
1 0.25727143873326963 0.8826314349867904 0.015806813335454438 0.028424312732098795
1 0.7103107913351363 0.052996124785001056 0.0221113573360908 0.03701626004716052
1 0.6912840733410224 0.12927128942543312 0.0126909040022273 0.029683894630123456
1 0.49975164869111255 0.3407310271840131 0.02068521733768165 0.057784939885061705
1 0.5097581763605896 0.37794066708601926 0.032103975334181814 0.012436507767469133
1 0.3404528246737724 0.10711769081203754 0.025272720003181703 0.04270112259358028
1 0.26184256868634004 0.26840369587833374 0.03160453600413611 0.0554597365753087
1 0.227898007001909 0.034423246959228736 0.029233514003817972 0.05119608966549386