1 0.23273443080283585 0.1814196682721293 0.04854264001588611 0.09224970938845682
1 0.34666540442286414 0.20310501536833284 0.022188645697928954 0.032849593380493834
1 0.4010168265007648 0.20641386195762285 0.008825575081077907 0.023966705335987687
1 0.44568157995069424 0.13856668836786973 0.016624438311602673 0.022901083924259307
1 0.46314665665497756 0.20592721884753015 0.020721603084255236 0.042507162107283926
1 0.7285253076295598 0.05044319005805448 0.0230108060063543 0.03704858679487657
1 0.8563753924498705 0.33554868820126416 0.033948306006354304 0.03750116126290127
1 0.9290149387153445 0.5298453397551838 0.025190914772652208 0.020478900371358102
1 0.7982877745499526 0.9069333181401222 0.03471591923687924 0.03614459912172852
1 0.9773323693146618 0.8738198850948442 0.03710057954530477 0.04040824603154331
1 0.43432182183137175 0.772627373524814 0.04092500892845372 0.032236546436790074
1 0.2322413273115437 0.44960453081854906 0.02911080154212762 0.022029422998827246
1 0.18462401055001154 0.49534262580308613 0.014498876623205436 0.04502632590333333