1 0.12481025508340049 0.18867797335868267 0.04708582032575279 0.09732547567292171
1 0.2389446769530994 0.24265135327300327 0.025627482576804896 0.03583282949004109
1 0.2961892199205241 0.2606102654523858 0.009139387023308566 0.029114410137201615
1 0.3447370919252992 0.20268396565143915 0.019241073320977707 0.027916288784197482
1 0.35863465621819324 0.27310900584415515 0.021966769237293703 0.04772526932666652
1 0.6326698843021608 0.18547332608756986 0.022611609981466607 0.040902336914897024
1 0.10888885540381121 0.46064867202868276 0.030987105172143137 0.03112785816320967
1 0.05840646116651751 0.4973771023982714 0.01652530108845913 0.048263573986831274
1 0.2937834220589579 0.8418687649392581 0.042924109981466604 0.044061649764444155
1 0.744273283896932 0.5079275536718081 0.03589285998146643 0.04296804147037013
1 0.901953125 0.9972222222222222 0.03046875 0.002777777777777778
1 0.9689334722403679 0.9392162722814782 0.01978671034428601 0.05569406656197518