1 0.383287688998964 0.09355323066321045 0.021258569892376133 0.03695160655172841
1 0.10582944985477487 0.18196409160700633 0.017061221463952725 0.025678861702037085
1 0.12588083446998605 0.24730710351166685 0.018388281017246655 0.04654452178308648
1 0.06737805272886839 0.24835481965518527 0.008540246071058587 0.028101045254938287
1 0.5315722163968555 0.39173315636321066 0.030669957195929066 0.0387284164132099
1 0.13919218331043964 0.8298651755312657 0.03610231989237613 0.03756581475833324
1 0.5193110037195444 0.9662961646375934 0.029071069892376046 0.03727487402888888
1 0.48207421525869965 0.7067020881433339 0.024165246071058633 0.028747580209259303
1 0.6891408334342742 0.9400262256802171 0.03305009449948208 0.04021428554524707
1 0.8074209716688404 0.7631732440010506 0.0246746683207995 0.04819202465370375
1 0.86931406110348 0.31067256610466176 0.019351467535011223 0.053521292975246916
1 0.9695687722283504 0.3245326120345384 0.014300094499482085 0.03943844360006178
1 0.2507524018811629 0.21778948767172876 0.054291547766469606 0.10630023201592596
1 0.7513668516312393 0.9023669144674392 0.033670832712657625 0.12348296538314811