1 0.12591566883578115 0.15015666288705443 0.04649444671336811 0.09685347017138048
1 0.24028664015043394 0.16960179500058623 0.02541822729857639 0.03557241266160456
1 0.2975903204790971 0.17029658327957437 0.008957425911805572 0.02902489185242657
1 0.3457105838718402 0.09815967809122823 0.019077308320624996 0.027720976162870097
1 0.3600539528879166 0.16400444051445184 0.021675631458888935 0.047505542627673314
1 0.6332385127756076 0.007541549070062577 0.02236596248093754 0.015083098140125154
1 0.11178658610449632 0.4252983230897799 0.030814242116215286 0.030810475153552692
1 0.06159532964560741 0.47694201696515154 0.016225065254479178 0.04810081346905848
1 0.29898296082015585 0.7488538933126436 0.04267846248093754 0.04362219636645743
1 0.7468343865413367 0.2818497406904531 0.03564721248093754 0.04260183030538142
1 0.6615810120647565 0.8674360099212409 0.03328527868534721 0.04087281939613376
1 0.8418591588162496 0.8260255235792316 0.03410289627652787 0.04376397118069804
1 0.9079114780126212 0.7838632181202974 0.02896210780753492 0.1275792013486302
1 0.9740829716959023 0.6432598625604316 0.01944098423243048 0.05549875394064795