1 0.2654265263240518 0.8026466406500778 0.042842264427970275 0.033769670569154815
1 0.3202852015902796 0.21678151626881675 0.02037698738612832 0.04325756353510262
1 0.30560638729738565 0.14889160725648978 0.019213791469812235 0.023805038771476304
1 0.2558457175158624 0.2167536981568776 0.009920637023308565 0.027874741607960375
1 0.19971848584610682 0.21108548113797312 0.025682046279135663 0.03498079243604243
1 0.08342632509266723 0.1865990444112201 0.05107391587924912 0.09495350455290305
1 0.07414555041307794 0.4602505571182406 0.030959823320977707 0.025315132448093417
1 0.024040140250201524 0.5058985061155881 0.015798614790789978 0.048764637175566845
1 0.5953881391114841 0.06952108058948628 0.022666173683797374 0.040504026714870474
1 0.7148586024085863 0.36961307824968304 0.03271329627913566 0.035053515308679395
1 0.783572624915182 0.5695560530102124 0.026217759618646853 0.02248887275522438
1 0.9507018274125109 0.7497349477134155 0.02129464664195524 0.050210088298728944
1 0.8839384241471336 0.8878975338863299 0.030525802902557686 0.12251311371277009
1 0.8171725482400843 0.9267747653016433 0.0375099236837972 0.04065755277932605
1 0.6354587567702721 0.9522605104629513 0.03433035998146643 0.03784745372482108