1 0.7119913942335834 0.47400529790771373 0.028275764185764985 0.058358883317150084
1 0.4979150392918431 0.7743060547774316 0.02722172954602886 0.04165180411126307
1 0.47725437255922454 0.8184144239162066 0.01378135517284953 0.0312425687222982
1 0.03078972377329463 0.8418868480688825 0.02575015775927424 0.04712653458837824
1 0.011015747525971037 0.7761921699069947 0.022031495051942074 0.04283863030405131
1 0.04269216178456064 0.7118364492535789 0.040366587226160835 0.0340054839446727
1 0.18805261480626795 0.4058960555991534 0.0165797462390763 0.059141584117736554
1 0.27945952213657727 0.2194904503088094 0.01977294239901033 0.06346990094128384
1 0.4751076485880742 0.1135405378131871 0.023846676959604095 0.026212376176604834
1 0.22890742425446592 0.0834292705781152 0.013804087226160888 0.03263145761118719
1 0.09995087272382674 0.24704153438294807 0.03872753087881238 0.07693980188256776