1 0.8679550381490039 0.9228728278332708 0.02382064371369381 0.04561640808182909
1 0.8850665324627341 0.8315220302026638 0.015462334160399748 0.02437894935629414
1 0.49246482867901786 0.6614167919406336 0.026564654052775794 0.06101542347726744
1 0.41640744282320696 0.5576180132539384 0.022784682588823203 0.035853773320386674
1 0.4403714237999269 0.29601986410869036 0.036175094499482086 0.04070745315379614
1 0.9034567938375282 0.17849968962606994 0.011883569892376045 0.036676886660193336
1 0.448353167594674 0.9580349136380485 0.030361742142117266 0.057050819506701426
1 0.3640413068626976 0.9411905656718811 0.035321069892376135 0.037889262836798325
1 0.29864851623023975 0.8275408958676015 0.02271190798171734 0.03307599554260921
1 0.7186045665826073 0.5378814118046943 0.06377570967712849 0.11148551139250584
1 0.592423056243525 0.5160972152124705 0.03212329528527036 0.03494983490213978
1 0.6649636821745385 0.3367647232619332 0.006832196856846906 0.022545522535983527