1 0.8045536427086695 0.9403718723415417 0.024696982122152634 0.04608563812412222
1 0.8283257891500178 0.8494255833680837 0.015927888939893366 0.024686375935727433
1 0.4465413850622827 0.6712706228287861 0.027742233789142645 0.06153319455841818
1 0.37769553233712605 0.5659508915912104 0.0234693219704317 0.03630682301639373
1 0.42063986787299823 0.3049918661242578 0.036941890606883375 0.04143556873666457
1 0.8939415765123595 0.19713944854750134 0.012595594849248926 0.036903411508196864
1 0.3808452046771616 0.9668127514981845 0.0314571651526907 0.05764949231928224
1 0.297434785586517 0.9482290163062759 0.03603309484924892 0.038601198073380756
1 0.24000472945248977 0.8332849187991191 0.02334177621279716 0.03352904523861595
1 0.6824467407469663 0.5524922645009205 0.06591178454774678 0.11274757840281116
1 0.5573669924139564 0.5281030321566564 0.03278054909161447 0.03559704875357836
1 0.6431287624178357 0.35037239448842955 0.007270366061076316 0.02267496530627121