1 0.466015625 0.5620050314662851 0.02890625 0.06260637506225698
1 0.487890625 0.39698459147923165 0.04296875 0.0355560229904422
1 0.558984375 0.6405292726324193 0.00859375 0.03933342682031069
1 0.5796875 0.7339027847875296 0.034375 0.037889262836798325
1 0.630859375 0.7507002079130533 0.02421875 0.03458612204915836
1 0.85859375 0.09239217495259862 0.0203125 0.06355072601972418
1 0.801171875 0.2043902743630582 0.01796875 0.05092948840206364
1 0.95546875 0.5283532423115209 0.0265625 0.03192958188904116
1 0.9046875 0.6948689462497203 0.03125 0.03772761267991756
1 0.940625 0.7853710805567039 0.0109375 0.043621331104637937
1 0.125 0.7136728826136631 0.0171875 0.03561129808506583
1 0.14453125 0.8209959024664926 0.0203125 0.0607729482419466
1 0.16484375 0.9136951764467682 0.009375 0.03937383935953057