1 0.48714295997600676 0.6150419986136494 0.03110910009228505 0.06290565065443698
1 0.5031103165466968 0.45251113964943956 0.044170304595791875 0.03600089211395306
1 0.5831155964654864 0.7041469591268688 0.009995563695090581 0.0394224006450129
1 0.6072231261535632 0.7998766818928844 0.03567668414544123 0.03824515813560683
1 0.6590959080011085 0.8224979463397031 0.025420304595791875 0.03483686646422812
1 0.863525130320229 0.19010823009920938 0.022565414867109723 0.06376102778720202
1 0.8100333401439649 0.2955711793247046 0.019771081893687637 0.051115524580986324
1 0.9762956963270588 0.6370945848450104 0.027663925046142523 0.03220459189266588
1 0.9314220897563688 0.7978309042658943 0.032551684145441226 0.03805115386065268
1 0.9706888972822085 0.8924230645389782 0.012489508019564255 0.04373457051789526
1 0.1509585857465865 0.7278990598870552 0.01843911937061655 0.03578924573447024
1 0.17439488818291002 0.8374449199388518 0.022465285317460414 0.06098325000942408
1 0.19808676048357463 0.9324559477260539 0.010776813695090492 0.03947090171375136