1 0.35138309348560437 0.523437916918914 0.11020516250491763 0.15220431969156353
1 0.31554341849543965 0.2375421187153946 0.06339586448238901 0.06944231544235291
1 0.22863328037993863 0.13277320515155352 0.040723188988021165 0.08621663856281549
1 0.4549585206570696 0.3741022537467722 0.04824611188449897 0.09951767496001006
1 0.6389350468880716 0.5847971334481799 0.02284192029858776 0.04684755363602812
1 0.6950484710834944 0.5946776468479587 0.035582220919006244 0.09392694358721959
1 0.6428418428553505 0.8844938809975011 0.05753363057393237 0.13790771540133734
1 0.9274653562229531 0.8806467358845045 0.025240300620418665 0.04850345465731544
1 0.22942900691131474 0.5813925779664504 0.027747941585911207 0.05293713345638006
1 0.1480834948426572 0.6244420008203116 0.04053751868943341 0.04195020220663647
1 0.21966909972822796 0.7197919446126093 0.054949579953513794 0.09198537802387123