1 0.36085933857117924 0.48125 0.1074429669677082 0.14027777777777778
1 0.31949527250659565 0.20069444444444445 0.06216518330244423 0.0625
1 0.23072543838584475 0.10625 0.039109629218760225 0.08194444444444444
1 0.4612760173807862 0.32083333333333336 0.046386415879248945 0.09444444444444444
1 0.6489719356222879 0.5097222222222222 0.021966769237293703 0.044444444444444446
1 0.7051537309943744 0.5131944444444444 0.03380457032575279 0.09027777777777778
1 0.6587449785473037 0.8076388888888889 0.05493552586071573 0.13194444444444445
1 0.9426574316776047 0.7715277777777778 0.024337801088459086 0.04583333333333333
1 0.2403136982361597 0.5527777777777778 0.026763396641955418 0.05
1 0.15999375381745615 0.6048611111111111 0.03979910998146652 0.0375
1 0.23328863811961692 0.6916666666666667 0.05325397477225655 0.08611111111111111