1 0.6868049454179607 0.3270502500204737 0.028984504448624195 0.04099634059717548
1 0.7377785257031626 0.3077657633375177 0.017760502965749582 0.027136652587162757
1 0.6267110331175363 0.35628040094881563 0.02251166996194396 0.03049715379780322
1 0.27955481401076054 0.5727985690065007 0.04100434338392898 0.08957825082941043
1 0.4322454266534709 0.4879103359103714 0.021698586463846682 0.029011144336770496
1 0.23565362229998676 0.35683142928820144 0.018365339429596263 0.053525541476051645
1 0.24766149756572312 0.7107892543711425 0.02251166996194396 0.03049715379780322
1 0.49955559070250627 0.824506726346036 0.03185483646384668 0.0302737117746397
1 0.9086162784217663 0.351854714731525 0.019736838441013305 0.0453864492870059
1 0.979952085493854 0.49021387590521553 0.02829875494291585 0.04506588669169847
1 0.1458834568052577 0.7057539085952701 0.022589924410568195 0.06790003322565939
1 0.897975844656839 0.9072744309005455 0.03261884041817922 0.06360704510797272
1 0.5314223560255454 0.957266854182022 0.022352502471457925 0.023552709353358774