1 0.6844230723305036 0.20006817917110556 0.02861596248093754 0.03924603847458741
1 0.7356491721120835 0.17117266418991753 0.01751480832062491 0.02606702351224786
1 0.6239674429136459 0.24065681808826708 0.02223867591180557 0.029135807702456874
1 0.27425190458682314 0.5229959678247531 0.04017171153100705 0.08714727565914902
1 0.42796624491755236 0.4092018390134866 0.02143924211621524 0.027698417744829524
1 0.23242546765710087 0.31430991015056897 0.017860300436840327 0.05245591240113675
1 0.24095949363482672 0.6675396270290985 0.02223867591180557 0.029135807702456874
1 0.4920414294724482 0.7346581739216551 0.03159549211621524 0.028328931638430453
1 0.906261704739323 0.18351609787158282 0.01931369766329851 0.044219581205280495
1 0.9763212646270141 0.3091333654680718 0.027889263867708534 0.043364204072515455
1 0.13910637951057322 0.6815079053883666 0.02194838839274311 0.06658730663371841
1 0.890134090566615 0.7433044632670722 0.03203190321038178 0.06166226497176379
1 0.5226387724623441 0.8620303010449959 0.02214775693385427 0.022191363258012114