1 0.4190313472925222 0.5379564526578923 0.03592253742738745 0.09097443484464615
1 0.36638255541946474 0.6807584691950669 0.01962329528527027 0.03449735898305827
1 0.26400241811591185 0.6757937180792073 0.023767139784752266 0.07358025214690132
1 0.3910594356914497 0.3212875733688017 0.021023129445670106 0.058156971162907925
1 0.13840214340410745 0.1831812511347081 0.0290346825888232 0.03646826069680963
1 0.2510840799218721 0.1832209605886132 0.022566358767505613 0.027746918813567983
1 0.9073501195208726 0.2830866382442404 0.01762414764263518 0.017733690178914525
1 0.8536975036193551 0.2999274544589087 0.027472182588823203 0.03637125855933255
1 0.7896339265929673 0.32585997900219815 0.016352746071058633 0.02874779915254856
1 0.5740763160681333 0.45924396715183197 0.021076633374611475 0.030427694453868684
1 0.5184159942112864 0.4780468640279873 0.016190080231458383 0.05231040919492121