1 0.1194054892811001 0.037299335802468594 0.04714511027131789 0.03441790527049772
1 0.2577757780684757 0.12194613818957269 0.07785369216500566 0.08771105490340873
1 0.4572279164082692 0.2798232503998995 0.031489831893687814 0.053382153677043694
1 0.37320921460409784 0.22315195078954758 0.020282221622369968 0.023058434436651568
1 0.7207356554586567 0.14730053397317258 0.022164896668512492 0.053702994036339886
1 0.7695427964977857 0.22820490850251898 0.04572231261535631 0.081284111316189
1 0.9696295832041345 0.055491289340055455 0.0343342296419344 0.06753805469833082
1 0.9206419694629016 0.007494436224927172 0.02660207279438893 0.014988872449854343
1 0.06092161898302033 0.5257938391944545 0.016145434145441184 0.03780218794963304
1 0.8398470565983767 0.5137572102374763 0.019951554595791877 0.03546943039251889
1 0.2753001025562952 0.9127755281407642 0.01762759099298643 0.05733563643821008