1 0.4436785793294809 0.6391130008376263 0.021330099336070062 0.07528332040545094
1 0.44750450736626346 0.2572110429928482 0.029873852361132335 0.061252656702322064
1 0.2955786534435024 0.2434931320062552 0.03222669272021186 0.06437055650045861
1 0.030692765999568446 0.6694159290254761 0.03393009328594586 0.10765286006958677
1 0.1010095507386847 0.5616207210840765 0.01260908430895542 0.035147317441913455
1 0.38068088216987184 0.47795974696139276 0.01807328912941557 0.03455204660052828
1 0.6012425857232906 0.22815683344085128 0.02043521984757497 0.040447724176442615
1 0.7074653146460518 0.23524236503044843 0.01882726805217665 0.02633208727398113
1 0.8516198356250948 0.3797142933902302 0.014230671642972936 0.053429621011041525
1 0.899960135145836 0.5956578855819694 0.02529998184962743 0.09529463488382675
1 0.8410623789975158 0.7328747943995476 0.01572499394987581 0.03282303569128039
1 0.7508052780998169 0.7128356521712909 0.024427828258831143 0.06740348309926263