1 0.8562946069014238 0.5287391841623007 0.02620040145127902 0.06266314531074436
1 0.37618795545014483 0.5601191401366876 0.030396828130301135 0.037954151723175594
1 0.47924350622211787 0.629788477257727 0.02333829627913566 0.036128753215639776
1 0.34677450200335763 0.7036089926884663 0.018142364790790032 0.049678134623358815
1 0.37050217868237995 0.7301125258193609 0.020939982576804895 0.033205472231646306
1 0.45679060894719026 0.8967770093010348 0.035783732576804894 0.034126992537678626
1 0.4508283129845407 0.822010693592463 0.02063988221398514 0.017927694453868527
1 0.4843960091749338 0.984706910489841 0.01743303666048881 0.013567023512248018
1 0.24496522074275537 0.7695988275777863 0.012455359981466607 0.038227516031078164
1 0.1175756026826634 0.5649228702519341 0.02514633293962456 0.04872575535311701
1 0.0089731570404245 0.7577292825965254 0.017088296279135697 0.03574074466573147
1 0.045362052184767465 0.6772486912665014 0.008358137023308565 0.02826278846516317
1 0.23833946470989656 0.927713906101796 0.0119469284931208 0.05206790385122859
1 0.26867180545406943 0.9365498922270437 0.009893355172143181 0.02697090171375136
1 0.8031608947006298 0.9440059282653902 0.01667906851165455 0.01490741133239813