1 0.4254566290571898 0.2812770276145472 0.04030740016215582 0.051347794084679384
1 0.5362489659077428 0.2948305880353769 0.02853410308425506 0.0445788350401658
1 0.24483610024323368 0.045554093980041926 0.0292335324674041 0.03632639527276304
1 0.23111165523529068 0.012899562759350471 0.021543763392680583 0.025799125518700942
1 0.27161924735920184 0.7024786390436258 0.03708694277582954 0.04130199759873518
1 0.36097316355318876 0.48398631405197584 0.024736947240056394 0.05528547832162442
1 0.36579485145775437 0.8157689713645593 0.037182400162155814 0.05102421982095709
1 0.4567735202892441 0.7229306440343882 0.03637387662320535 0.048165548477248875
1 0.4766533950857257 0.8758907563461318 0.040211942775829713 0.04162557186245724
1 0.3054056864815834 0.9575762297397379 0.04473580154212762 0.025444266591373815
1 0.6680745744705223 0.41951580696942237 0.017419325081077908 0.025390769561582892
1 0.6918510166374439 0.4914350023300272 0.016815353084255236 0.04336543155120785
1 0.7387640627010471 0.4108060503638203 0.018227848620028197 0.028249440905291103