1 0.43611832790907384 0.3643422287534496 0.04185653589277152 0.05093443992143768
1 0.5477307954405409 0.39964181315421404 0.029900987552445458 0.04428705563081871
1 0.46766109668065214 0.054638683348970325 0.024384693361304242 0.024405879692348937
1 0.2471598038391571 0.09357976531381998 0.03032704004195628 0.036026510879822934
1 0.23195456732400793 0.0472034705251926 0.023047336307689827 0.047798625056447386
1 0.2955625069603346 0.7545000462323742 0.03831713879720091 0.040921063369865215
1 0.37805921940556697 0.5539885325880907 0.026468334233097402 0.055034223830242014
1 0.3937704202400484 0.8860785541972102 0.03873153589277143 0.05064328559208743
1 0.4820153201351577 0.8112978792885398 0.03783188672260849 0.04779271923197194
1 0.5069754488717463 0.9678695220845835 0.04144213879720091 0.04121221769921546
1 0.6840899041561515 0.5499919508490305 0.018193892946385758 0.025212459922537456
1 0.7103039569580124 0.626444769583544 0.018182237552445458 0.04319522689575529
1 0.75473382957107 0.5551904286616907 0.01909354211654879 0.028063026282652635