1 0.41588167182728986 0.3162648793054996 0.04077133293962447 0.04804644267628236
1 0.5259374735063121 0.33897807157511706 0.028943455534962758 0.04224846934012084
1 0.46696924519067656 0.006400125574669195 0.02387400961864685 0.01280025114933839
1 0.24274925059056315 0.06578296290404312 0.029561014427970277 0.0339312971921613
1 0.2303546607534396 0.022026828417859808 0.021994051088459088 0.044053656835719615
1 0.2501165122125676 0.724390549862104 0.03745535998146661 0.03825957571256519
1 0.34562868081296455 0.5134719133955999 0.025255460344286274 0.05327877452436335
1 0.34067081838442725 0.8453840354692969 0.03764633293962456 0.047981797934787414
1 0.43410460445435295 0.7601517628545506 0.036810519237293705 0.04518785897163614
1 0.44942205304940774 0.9146330861093789 0.04058035998146643 0.038324220454060136
1 0.27629208789579807 0.9820774357804882 0.04494047776748147 0.02175452089963604
1 0.6536916793153521 0.4744735980621488 0.017651291469812237 0.023966657189333142
1 0.6752789752780017 0.5483023986491793 0.017224705534962758 0.04200605155951488
1 0.7244220861665175 0.4716221218969374 0.018487105172143182 0.026760596152484734