1 0.7198321461033184 0.24677158841324492 0.015307400162155815 0.049221852651642216
1 0.6991738855516593 0.1690878738895497 0.017432961850553142 0.027315361549854738
1 0.48063702982825357 0.3997205715285402 0.036305692775829713 0.042341210513332485
1 0.4989339494705223 0.5547610890027669 0.03705966923687924 0.03966867644236629
1 0.391200405842551 0.46881492339180303 0.038772173701106104 0.055156941633767234
1 0.4084433400953163 0.5959724193814403 0.012772735389503432 0.0294616770867631
1 0.32855612986796867 0.6046293838776982 0.04504944724005648 0.05877666906603767
1 0.2998137238218991 0.33929816414395475 0.03636023985373029 0.04789676606888804
1 0.3887974701700988 0.14461461154305905 0.026340357548482008 0.060417486769226474
1 0.49921875 0.9895833333333334 0.0203125 0.018055555555555554
1 0.59375 0.9881944444444445 0.05 0.020833333333333332
1 0.4364297926103785 0.9035068846660774 0.022284103084255057 0.04461349045739098