1 0.49476666058899427 0.3403979930112071 0.02485541996194378 0.029783122506916962
1 0.5608287065395213 0.381910597183064 0.025509335969555024 0.024292255491011064
1 0.37817404473338867 0.4076810125876182 0.03931450939154013 0.08227171656984986
1 0.38122873125410073 0.5749774351590797 0.02276633794672147 0.04070016799907911
1 0.3302279526037792 0.6802684924153009 0.02673625494291585 0.04380138847510517
1 0.4908603757786184 0.7483260656149407 0.025842258402956907 0.07283867806247252
1 0.42892076783167815 0.8866745725541948 0.021076503954332713 0.03501523536422408
1 0.11733402176742036 0.5434228308051002 0.022685424904859808 0.071191035014985
1 0.02386190022746147 0.564794528443984 0.021776840912471 0.0655707909197798
1 0.07335321150102776 0.7338565857912663 0.03505809091247101 0.06667049609382394
1 0.15155912454288947 0.7098345727403256 0.015289418973360735 0.020673526697787756
1 0.24305954574056235 0.7555328877841295 0.024598093383928977 0.0865981898720621
1 0.5622545674708016 0.6142260433737047 0.019545837452429993 0.03627474717381397
1 0.837890625 0.9791666666666666 0.02109375 0.03888888888888889
1 0.9830074192576876 0.8043252791021739 0.01651367935348418 0.10810883815813795
1 0.8969320205131008 0.24685566748621782 0.027931340418179573 0.06192163257031037
1 0.677489624524299 0.4026603007019732 0.03351283695813834 0.0332724742208408