1 0.7159043132423752 0.05322841158675508 0.015616639812585476 0.049221852651642195
1 0.4718539591253112 0.2711127618047932 0.03655126543940632 0.042341210513332485
1 0.48615030826106376 0.42162779988612203 0.03728705133278361 0.03966867644236629
1 0.3802897590065978 0.3645184099415303 0.03909960391920819 0.055156941633767234
1 0.39425949920857717 0.487360913951893 0.012954641066226813 0.0294616770867631
1 0.3138631254622184 0.5175928383445241 0.04539506802583091 0.05877666906603767
1 0.2919762425114061 0.25931294696715634 0.036642193652651575 0.04789676606888804
1 0.38637894345479584 0.0401076106791632 0.026713264185764984 0.060417486769226474
1 0.4745223460681565 0.8701233069402523 0.01938649749271768 0.04141473785236687
1 0.5690535960681565 0.8573888184160515 0.049528638558944495 0.07319177648898448
1 0.41428117953339355 0.7881597820005892 0.02255696159934022 0.04461349045739098