1 0.18522121148243725 0.37960392991288316 0.02770850593149903 0.05027473085218396
1 0.3056875965968243 0.11494071939812593 0.02716733646384668 0.026663619741072883
1 0.26431185079830277 0.14992104882897095 0.014762836958138337 0.03070100130082941
1 0.4198051057598091 0.5444916642311295 0.022558090912470873 0.06410705750679963
1 0.5050581855507195 0.5155193882300254 0.021027424410568152 0.06547978575732492
1 0.4691849997900352 0.7053810295699362 0.02968484140676253 0.06834644704610342
1 0.5388449130790427 0.6776360360740834 0.016134335969555026 0.02238382860585991
1 0.5530453466340053 0.820110271653741 0.03150200939154004 0.07947371879557813
1 0.4068461438202613 0.8651149092657338 0.025683090912470875 0.06413937878352714
1 0.28673129129193803 0.7021053861520777 0.033081755437207504 0.0461646264197905
1 0.17286510946699604 0.5731802030504727 0.027341091406762573 0.06832220608855771
1 0.757186394790254 0.5257641800550713 0.022639003954332715 0.033559582270426186
1 0.7533345415204933 0.3577086244995158 0.039473676882026076 0.08649896643184149
1 0.8692414078703905 0.28600804586972245 0.024887253460040882 0.02941715656130507
1 0.939975037071869 0.32214790110316766 0.025509335969555024 0.022480792436042427
1 0.8793657895619177 0.6936550150777931 0.021250258897248388 0.07520200797954699
1 0.8170037231168801 0.8353373793776263 0.015639587452429993 0.03487574828667827
1 0.7089199911399324 0.6349611815304712 0.02432883794672147 0.03913129846434534
1 0.9445736482502951 0.556862043006208 0.017887836958138337 0.030733322577556996