1 0.4535059501519669 0.40132945120914626 0.01708821159934022 0.044047520809177995
1 0.5817708652352328 0.62668297135263 0.016238765439406323 0.03976748013572515
1 0.7419852600291298 0.26360098402285526 0.01157399749271768 0.04047612498389641
1 0.7896582304039587 0.3651879908948337 0.016079641066226814 0.030045257913502925
1 0.886316101643035 0.32074297339281643 0.02467339106622681 0.03129237198815168
1 0.700954465426771 0.9523483273205332 0.02706260517284953 0.03441027178628815
1 0.6175922160535915 0.9499962178200194 0.00753135517284953 0.031575921616631794
1 0.18620530680956687 0.6326235423700163 0.019022784639736078 0.019387642829536686
1 0.19742395163671736 0.6648797080273657 0.027289925705962892 0.04829916067517704
1 0.039261593725476204 0.3523523387235429 0.02687238855894435 0.07040800889061301
1 0.1027360661786226 0.3497300777176739 0.026485943652651577 0.046796897779501974
1 0.06683867593707211 0.24637145872526706 0.021593855172849487 0.033616653738784426
1 0.07262332617449896 0.08432495475241208 0.023156355172849485 0.0338434017523569
1 0.8207633374905235 0.7852699635573004 0.010451766693047305 0.019529417643776824