1 0.4732514750046445 0.33946940974157813 0.018182237552445458 0.04183635336948615
1 0.613683238389249 0.5470809435237254 0.017223388797200912 0.03766160638363753
1 0.7511616035291293 0.1632560997358895 0.012595088382282427 0.039002013357435236
1 0.8044059253146723 0.2582096042887925 0.016808991701630305 0.027939384161415465
1 0.8976226677412488 0.2008661100552398 0.025402741701630305 0.028028267672416105
1 0.7510146964848039 0.8560046031625335 0.027864890871793335 0.03083028640773951
1 0.6682259685803744 0.8648662713918853 0.008333640871793335 0.030628278428192365
1 0.2218455695104577 0.6061948267813192 0.019460395020978183 0.01686059432703186
1 0.23486671038225096 0.6368715871246029 0.02845688672260831 0.0447191752966284
1 0.059662571685296484 0.34629795168629157 0.028622830083912577 0.06693331719966883
1 0.12244062521210361 0.3351469019844685 0.027616437137526883 0.04332220608855771
1 0.08076705446385704 0.23684237999707147 0.022396140871793268 0.030773724173466376
1 0.07696570300932012 0.074374701273799 0.023958640871793245 0.03078988481183013
1 0.4875 0.9854166666666667 0.0125 0.02638888888888889
1 0.8599676264615035 0.6731848331024471 0.010925844606059698 0.018160599704920028