1 0.36812728018402596 0.1968549903340499 0.012348081555913737 0.04452896745091763
1 0.41641634986588444 0.3056842812534934 0.013963789462538756 0.02262247634913008
1 0.34129837613895003 0.3750736435368526 0.03555806840173403 0.040741834210820435
1 0.5273731130553576 0.2618642191099884 0.024438557878390377 0.03371286675990288
1 0.47159042630130055 0.0904926666873084 0.01892430524755433 0.03158727192333291
1 0.7326745340596926 0.3794001169519646 0.03628611049510884 0.06296405643304265
1 0.920527361704646 0.3798164721469604 0.0331233131400623 0.03764832531260791
1 0.9670911840526341 0.42411505158647633 0.03316881577089816 0.03903721420149679
1 0.867017619420686 0.705161644112783 0.015018055247554684 0.031061053389275155
1 0.7055953655450192 0.5499798812658785 0.035922089448421346 0.05185294532193154
1 0.3226518758566014 0.8980102108012977 0.007251057878390377 0.031397505210048214
1 0.40606361533325763 0.903715731874581 0.027654563140062295 0.036911619364927144
1 0.2089475141872489 0.561201374835503 0.01694457629424182 0.04238265191400927