1 0.5434452567858107 0.4916676935508796 0.027528969180046305 0.05319986122508485
1 0.5489341934257181 0.59520947528299 0.011591610885972159 0.029902374178246306
1 0.6411250573278244 0.3628440980456765 0.02089826036759259 0.02919259991543094
1 0.8058754892081715 0.2890572693505187 0.015634561922731292 0.032963116383554654
1 0.6638432843068065 0.8969367089453649 0.027929510367592413 0.029701935884985965
1 0.5165195792407881 0.9671074700105464 0.017363157257314833 0.02063289504007331
1 0.3666500822569221 0.7464781507040129 0.027490012959490696 0.03658978744392445
1 0.05484066950974568 0.2876190628134279 0.02325157229032402 0.0611936372453815
1 0.003736436498495554 0.35249245015625835 0.007472872996991108 0.023523858588863158
1 0.009895598232546807 0.4760163087451215 0.019199059330833306 0.026301636366640777
1 0.20349685541935197 0.13461133776008616 0.01992152073518518 0.0568005990366903
1 0.1245328796181484 0.2654876069618806 0.01451155933083328 0.025962079053604092
1 0.3536581697925696 0.17406257977049677 0.028954768143286992 0.05053526921831938
1 0.25325461896773194 0.43789136192545264 0.022597461404351815 0.03208356346422095