1 0.4865882791552199 0.39773592424821597 0.019550520678164318 0.031137391053162843
1 0.2904623920588093 0.2682951930048904 0.022512854838564245 0.05482123160147489
1 0.2375942572364557 0.3394366576506894 0.02000428494618802 0.018661634198896434
1 0.2497989086008899 0.4620745281414192 0.02096747146395277 0.02563032178907463
1 0.42803833984666956 0.10278395094312448 0.018606604838564245 0.05470001587280666
1 0.5763495613106222 0.12320199639946736 0.027763281017246656 0.046657600288276924
1 0.7720998438780549 0.41737151985052806 0.030325354838564245 0.05506366305881127
1 0.758831460296301 0.5227296154491786 0.011665246071058632 0.028117181818048682
1 0.8672710448709855 0.2747214285818898 0.019550520678164318 0.031137391053162843
1 0.891827031738863 0.809116368336708 0.028071496071058633 0.028626287878454882
1 0.7616065886038152 0.897253359316337 0.016170809553294065 0.021318196248005784
1 0.5853543998119937 0.6907449311035808 0.026727319892376044 0.03691113492032103
1 0.35539603329130365 0.2398698798743762 0.017170383374611475 0.029675772727073023
1 0.21842586114400656 0.5777245598870326 0.021076633374611475 0.029796988455741295