1 0.5297420865081826 0.4399015129936987 0.018608290041956365 0.03386668253947328
1 0.6205066592307753 0.09517669517355808 0.03206713879720091 0.03844548268361178
1 0.585588130186481 0.008342660898198693 0.011636239627037881 0.016685321796397385
1 0.5157667099580436 0.017779057362412445 0.015601689212119397 0.03555811472482489
1 0.7003869345384809 0.3444478236017897 0.031771140871793335 0.03150103823916734
1 0.6751357129580751 0.6073842002249952 0.027794035892771518 0.048022246031432146
1 0.4921482127459715 0.9466484974812382 0.032659134648016064 0.052334371572500676
1 0.4343774292401424 0.9200066327619055 0.016453794191141215 0.019929307359116896
1 0.22436335050587602 0.9140401605371203 0.012902741701630305 0.02814142496378243
1 0.35643908484618636 0.6068708585905186 0.022266086307689826 0.04646365512240796
1 0.6303776440839283 0.21138274207128566 0.01764944128671182 0.029675772727073023