1 0.32195289729606325 0.47176358637933713 0.02052598755244537 0.042830692316391604
1 0.3663303206363893 0.46346772044005413 0.04341903589277134 0.04979277886536471
1 0.23018792862705348 0.248207614204236 0.017460187137526884 0.04402557693032634
1 0.2129349400373119 0.28737208002345127 0.014039189212119307 0.03688712821092774
1 0.13900053256877912 0.26702818262235095 0.020644386722608397 0.045608470094169386
1 0.14276414999535564 0.32497350740577596 0.026302390871793247 0.032107589755188806
1 0.12911466316785652 0.45326054640530844 0.013257939212119308 0.03683862714218912
1 0.8971675994685798 0.8606214691168615 0.03734663464801606 0.05357143698212307
1 0.8591506103659956 0.4820478489497456 0.02309488049883086 0.06653880556497964
1 0.7436915537272999 0.46705228596956566 0.023828586307690004 0.04719136325801243
1 0.7733701661794988 0.17292970690176218 0.04894698547785303 0.05152117523542346
1 0.7317495060116738 0.3084940893970683 0.03921678796736394 0.04260582907722765
1 0.5998392537249776 0.642901084109921 0.02533188672260831 0.04589947650660062