1 0.2722779882083596 0.49069358985786177 0.04147073738612832 0.04389593719498951
1 0.1309672412459934 0.270096539818951 0.017306551088459132 0.04617271822618171
1 0.11379709941336143 0.3093248136006882 0.012509923683797376 0.04052019555838374
1 0.03834323162734657 0.2942257819152732 0.01875992368379741 0.04064948504137354
1 0.5216380927475305 0.6771240324634403 0.02272073738612832 0.04350806874602
1 0.6557576489617991 0.5084448116911185 0.02374752404661713 0.05602422993139366
1 0.6697581673344526 0.21313623035580548 0.04637649219545174 0.05510401541834295
1 0.7745572508222314 0.523341342032736 0.021703874409436708 0.07125352415305031
1 0.8907886579898829 0.4105651423015049 0.0210218281303014 0.03653130193082808
1 0.6383010642504849 0.34359530532574456 0.035084328130301046 0.03682220326755517
1 0.03754460690142365 0.47403032887757635 0.011646828130301134 0.03633736770634326