1 0.36560812198013004 0.48596079517648866 0.020663186364518006 0.04205453511563617
1 0.40949365546486094 0.4794921326473174 0.043574527879787085 0.04807876504702983
1 0.2534912105358722 0.25820063816396227 0.01760195924333523 0.04337877926303012
1 0.23961996470334707 0.2967183063158813 0.014158094849248926 0.036369690077090726
1 0.1634720528846363 0.27326978011175923 0.020790732122152544 0.044832312893413946
1 0.17240051379496152 0.33147382396210273 0.02640300333397989 0.031072713487514867
1 0.17006449364615012 0.45942129418630473 0.013376844849248925 0.03635352889171707
1 0.9785138843376225 0.8993808193295861 0.03751584651623894 0.05211614223070645
1 0.9066794676628739 0.5185595772686159 0.0233098253044119 0.06569796859749476
1 0.7892528516017977 0.49874537166707916 0.02397950500096968 0.04628584652379762
1 0.7929842741713542 0.20533427003330165 0.04910705075860431 0.049580782233534786
1 0.763168970537812 0.33941101789382644 0.03934941348570078 0.04105351467571678
1 0.6602187334992784 0.6689346902185929 0.02547823212215263 0.04492928000565636