1 0.281396416132926 0.5579417630313099 0.030618740924813714 0.046463619562908634
1 0.2939938770526083 0.6477917559233097 0.009502265027114643 0.039082823113373716
1 0.522263801917035 0.8469714276822569 0.023646578258831142 0.06437372445010081
1 0.5778171586193686 0.5835193773250845 0.012631810206654492 0.04053635674375739
1 0.659796659935508 0.3622834739372856 0.026644313231716586 0.02554948030270686
1 0.8034895847508368 0.5020707681942941 0.018127831283893413 0.04898281837470696
1 0.936797509320676 0.3534292808189391 0.02921077702916719 0.09365351941438355
1 0.9022909595544452 0.27354344140314146 0.0564454427202115 0.06088582756913065
1 0.8984063936904498 0.7443282911803537 0.03291703912941557 0.032623214230140876
1 0.9147197279503075 0.6536873732582928 0.018086924668035208 0.03648281837470695
1 0.972497878663335 0.7847524926797468 0.015711358411256527 0.02671211259636329
1 0.8366260233262389 0.8812540825729603 0.019603972872636887 0.02262625185656538