1 0.7036169953440629 0.9410569375985994 0.018659734232430482 0.05333537012965148
1 0.341506313923299 0.8328007049102278 0.03557513050895835 0.09273336507894657
1 0.5888504999515455 0.5326454224457529 0.016788109707395905 0.029675772727073023
1 0.5098620962661982 0.498970747480872 0.015934124525034753 0.024095974025783878
1 0.4000035926571009 0.3161930689081358 0.03611999116628475 0.07470205266912476
1 0.49763191375333343 0.2513328769901422 0.027743793502986235 0.03140406565623282
1 0.4877740633546181 0.12519854113145648 0.01609777868534721 0.0365959740257838
1 0.5092029071522743 0.03126441955566051 0.03519327080156245 0.06252883911132102
1 0.4242012194147916 0.045193548345702876 0.02238414627652787 0.03956769696943068
1 0.31146580988769107 0.12024870382772461 0.020167682845659663 0.04921718975445199
1 0.3503750540459376 0.226723921721399 0.02294719072944442 0.022925273448497624
1 0.23440292890376738 0.054556854981198534 0.026944359707395903 0.02999093362161026