1 0.31070624272806624 0.034304233763565506 0.02039211939505616 0.05296362511896107
1 0.6767375853063513 0.15001961090557123 0.038584010001939714 0.09202220071066947
1 0.4389899012973861 0.44497854463365755 0.01774548045516262 0.02933635336948615
1 0.5191636211466351 0.48027758366698947 0.016709138939893543 0.02377271749474864
1 0.6351310619081489 0.6652776508905918 0.03853621257731525 0.07397472547429579
1 0.5395314550155174 0.7281013266630645 0.028746753333980024 0.030838366726921626
1 0.5535379119878887 0.8544053722005436 0.017283094849248927 0.03627271749474864
1 0.5351863313080543 0.9483897014568182 0.037244779546777095 0.06285553404400288
1 0.6198005118381075 0.9357033911104373 0.023660640606883554 0.03911513782598174
1 0.7301880835790182 0.8629999268916957 0.021763300758604488 0.04881311909065794
1 0.68774568547068 0.7557488933235371 0.023676616061076315 0.022456551478496876
1 0.8094848296410643 0.9302676513270177 0.027901730455162622 0.029441397518850623