1 0.7617312968743821 0.20760820654926468 0.030001145697928954 0.03378748505650893
1 0.8611273248775593 0.23182339783461461 0.019172739853730292 0.044219581205280495
1 0.700837165987173 0.8444093368599725 0.05216251785690744 0.06431218164785453
1 0.5319998196009059 0.38767208411273246 0.016692622158978664 0.030185189110175908
1 0.5130578149331605 0.5259943896588638 0.013553985389503254 0.028602295946332863
1 0.41024537073599643 0.7104674686701218 0.04201990462638268 0.0650705566431425
1 0.37376151278212494 0.5333091711112569 0.01766478693163087 0.049678134623358815
1 0.3028109488616143 0.5434789071893832 0.02058523538950343 0.029038805564979793
1 0.2496811075468343 0.49992730727175405 0.03575626785690744 0.06329365920434529
1 0.25780814041962785 0.6517284552449205 0.02225682954530477 0.04024691881356798
1 0.3000266653782651 0.8563095936182887 0.027684669236879244 0.036419759628070855
1 0.3599189754434569 0.7934017597788586 0.012895466314780002 0.041053794877594404
1 0.262890625 0.98125 0.01796875 0.034722222222222224
1 0.049308757910861006 0.8074316677542536 0.031863654626382645 0.06444004274954157
1 0.13004689732113434 0.08441581576511702 0.0417335324674041 0.03590388997647587
1 0.03308809963432567 0.10962743270716896 0.028411372158978564 0.030912705141254073