1 0.5997042630615461 0.5733302417102072 0.03692433844101295 0.044170740259302795
1 0.6395758586697872 0.46869434849277053 0.07196784190105418 0.07440410533824951
1 0.8469407131566863 0.6350532442384887 0.018828254448624192 0.0380575923518737
1 0.9188375943353311 0.5807759062162614 0.022320668973360824 0.020123252524986254
1 0.8864999382135516 0.49295371573965246 0.02365767589344294 0.07845658585831959
1 0.9407954491065571 0.0485284224501465 0.02992492193911005 0.04534144083658897
1 0.2629715380418617 0.026652409092440234 0.025619423916276675 0.05330481818488047
1 0.21976669539937016 0.10213060281655847 0.027723093383928976 0.08552224603143223
1 0.12990835794694022 0.13961654365241513 0.02826692144481866 0.04112628787845504
1 0.7194961802862957 0.9158942651605356 0.017552255931498985 0.05050910606040652
1 0.8991173546968639 0.845089050155489 0.01729758794672165 0.039397994949295405
1 0.8233997716930583 0.8446628575138738 0.023165585969555025 0.022925273448497464
1 0.2017807341640787 0.4781159650098065 0.023611254942915848 0.04236971789294207
1 0.1663346768448451 0.6110665000021969 0.01814250494291585 0.04220001587280661