1 0.7721462764846293 0.24497329562586864 0.08355337672018504 0.21468488933706942
1 0.8293524752123144 0.36921601399207954 0.025429226955740347 0.07494159824224766
1 0.6386407093781015 0.21545621841268772 0.040292809330833276 0.0298560286071882
1 0.6768918565506477 0.33786316384368226 0.01060530933083328 0.026165446865725212
1 0.6749383772858328 0.3940014428321004 0.012031108294074144 0.023581910232234944
1 0.5903696589774997 0.15298509575539865 0.015195064514629663 0.04053993861533287
1 0.39653218461365725 0.1114047375806994 0.043046662441111036 0.038480723656952834
1 0.3552137632423146 0.126322910412613 0.021269407257314833 0.0219695793201823
1 0.31945386734247616 0.6135651850066502 0.03778296399624992 0.04196754631861318
1 0.4290376370645362 0.787890747041732 0.0450192655513888 0.04700829813457372
1 0.06862852589574 0.667803236189681 0.04007748732333323 0.10437042574646935
1 0.7040062959238653 0.30584604073821264 0.036728311922731294 0.03631487019091379