1 0.04416836520395075 0.6607548295358313 0.03885174892026584 0.039439801882567675
1 0.10514617982650451 0.18101913116937085 0.027663925046142523 0.031929581889041006
1 0.11447636104189762 0.15757710149284207 0.02272610117201923 0.02474266220927564
1 0.15480097239294965 0.14714231612006035 0.0449014898209672 0.03420754664077346
1 0.3490009565845334 0.2038877044081775 0.016195498920265904 0.03826783824518303
1 0.3269408366740498 0.1890268270145097 0.01037629549649317 0.028262728248419695
1 0.3914981396502404 0.2754377760190604 0.04391998072166858 0.028611578545997753
1 0.42779478870893384 0.4029677348473105 0.011788601172019141 0.024176886660193336
1 0.42489448141380654 0.4636470830189083 0.010957286397194465 0.02274758523208441
1 0.5356416155131052 0.463484264274811 0.018489184145441227 0.03700018697395472
1 0.5745539211886312 0.45729697064713626 0.02916586829088228 0.07359624855570783
1 0.8706878427648587 0.432238189790863 0.01840884099298634 0.05640421887917897
1 0.923486224164822 0.5289977553755484 0.018819851172019498 0.024540599513174912
1 0.5133224760935775 0.3220122290265435 0.07807254009782234 0.21891490630759228