1 0.29547138995939476 0.16281439189842348 0.023857804595791877 0.03638540083086907
1 0.11226826495939479 0.13813474265110873 0.03773983189368777 0.054841210513332565
1 0.21687362546142533 0.33328727230040606 0.04376978639719455 0.02801062609685895
1 0.0983733505537104 0.37813823070912855 0.03727875693983029 0.08518627865526487
1 0.13131791178017813 0.6666069648733309 0.025690414867109723 0.06565731120434733
1 0.10639585980527992 0.8595141951162785 0.01837856261535631 0.07849376302512054
1 0.40126182525839926 0.9731808970193637 0.02045220234403846 0.0497480711857002
1 0.789216143969177 0.25075094867430625 0.037970369370616555 0.03966867644236637
1 0.990625 0.5222222222222223 0.0171875 0.03888888888888889
1 0.8310449506459954 0.5376522076890641 0.024839313695090227 0.04204620009323605
1 0.8467164227297908 0.8645673151120109 0.02942668414544123 0.039899884556328084
1 0.8382298446151726 0.6830542058449819 0.03690851711886296 0.05334707791763201
1 0.8301623735326696 0.6425763010037501 0.02247577729789576 0.019613490457390824