1 0.2958777236429472 0.13264168289689035 0.023967377723940864 0.03403638455960877
1 0.1126745986429472 0.12695666522235283 0.037904191585911205 0.051115184703747235
1 0.21787804580279085 0.31194362445636853 0.04384283514929388 0.023555595237572252
1 0.09957865496334903 0.36930916955163295 0.03754355866619032 0.08162225396783546
1 0.13346143609959232 0.6554288874445751 0.02589586448238901 0.063227294372009
1 0.10918769179957548 0.8516571406917182 0.018629667700697718 0.07687375180356135
1 0.40429791401752696 0.9350296327516534 0.020607430942249393 0.04780405771982935
1 0.7896932436313256 0.16946688563259216 0.03808450804577159 0.03586165007170313
1 0.991015625 0.42083333333333334 0.01640625 0.03611111111111111
1 0.8324511391239072 0.45308762192369334 0.02496714901126431 0.03961618326089788
1 0.849195514754161 0.7795977265412504 0.0295453883676025 0.03698386435752196
1 0.8401131327552328 0.5982871186769163 0.03706831126408048 0.04970205266912476
1 0.8319155435830531 0.558497718604847 0.02253056386197052 0.017345474747208475