1 0.6490025040840626 0.10893788917008895 0.03790004350298624 0.03366060545873882
1 0.851503429188108 0.34313675600387233 0.023892094889757232 0.03666287841171175
1 0.9481988774685419 0.5304806758649783 0.02567345364722229 0.11311645584025029
1 0.6830823705346878 0.5315767574728767 0.03573813145888884 0.04735542872867882
1 0.6806291911559551 0.4935440343775564 0.022075021751493118 0.017089056887967993
1 0.684325347691094 0.38756800331427804 0.021621080072118205 0.04202436834831834
1 0.1695234645229688 0.10484196397532501 0.022220492116215285 0.028200167999079106
1 0.08706718156293416 0.28824955941620106 0.04327787452503473 0.027168980791841886
1 0.1296927256830558 0.4675569885131329 0.02725348423243057 0.05497718812586577
1 0.2541888050895838 0.8966132193752748 0.02093074905006951 0.04890412425311297
1 0.6932223963702434 0.7087076498541579 0.026181293502986237 0.032690277363994054