1 0.34574630973491993 0.863449806467469 0.011956171939110227 0.0455769543674718
1 0.3478526377958097 0.9075706766481915 0.022893671939110228 0.046709464290499464
1 0.42022238631293496 0.9125475750166518 0.03026050296574958 0.02807395550536032
1 0.5098651830048994 0.8610050441724253 0.02670442144481875 0.04294726545348529
1 0.59080877688312 0.7639459051245527 0.02514192144481875 0.04278547832162442
1 0.576866282338918 0.36911004309728124 0.04929700444862419 0.04251540108769297
1 0.5280673322437777 0.3048832336553561 0.01822075939154022 0.08086543155120786
1 0.479452771464503 0.4706457248074728 0.01948217045623544 0.033885890026777256
1 0.42855413979156654 0.5320324662440616 0.010856586958138337 0.03160717191265247
1 0.5358951017497049 0.4904349389389884 0.019450336958138338 0.032497001137888365
1 0.670129474791129 0.14260795903601992 0.013582338935304606 0.04851651927711076
1 0.7235808203621892 0.7349566679215498 0.05073217045623544 0.0371216326639986