1 0.1471614759957919 0.21709009527911016 0.01582589664195542 0.05169107683852193
1 0.2793750198702659 0.2312595805094118 0.025381945916315995 0.022292573856691828
1 0.25448414727492763 0.23966326547721473 0.02576389183263199 0.04173701830113619
1 0.1663814739076163 0.3186042285304123 0.0205406784931208 0.05361398999220712
1 0.2499901094333124 0.36963096854107597 0.015099210344286273 0.054379850572166946
1 0.2769147245405884 0.5245552340839166 0.02355655108845909 0.04841445061318252
1 0.32967019150829663 0.6591367530371997 0.02350198738612832 0.04563667283540459
1 0.5523028768989166 0.5927093741930167 0.02278522477225664 0.08851422030269479
1 0.5896056974987465 0.4986758386530468 0.04510416887447395 0.03423989718223229
1 0.49741199105673434 0.42913919666133243 0.018623514427970278 0.03538042634838613
1 0.4640389685077297 0.34454941600426353 0.0175421640651507 0.020013644526475596
1 0.4849504411918105 0.5321746603666768 0.017842264427970277 0.035291422304253375
1 0.6776513510806099 0.7357246857306888 0.026999009618646853 0.025248359722735043
1 0.3428882152808367 0.8935743752184063 0.019714788474587408 0.09093598190394168