1 0.6313335716350992 0.10516424996761777 0.011956171939110406 0.04455756891299079
1 0.6292272435742093 0.06068748424644577 0.022893671939110228 0.04467069338153714
1 0.5568574950570842 0.047436014562530715 0.03026050296574958 0.02530705212891154
1 0.46721469836511964 0.08888000944649818 0.02670442144481875 0.040544428310779895
1 0.3862711044868991 0.17695278609801693 0.02514192144481866 0.0405282676724161
1 0.4002135990311011 0.5744133777361048 0.04929700444862419 0.038000979789276815
1 0.4490125491262413 0.6443790027677805 0.018220759391540043 0.07933635336948631
1 0.4976271099055161 0.48373251000962764 0.01948217045623544 0.03213837210480948
1 0.5485257415784525 0.42799561027767724 0.010856586958138337 0.03066059970492003
1 0.4411847796203142 0.45744820226490585 0.019450336958138338 0.030749483215920748
1 0.30695040657889 0.7908614127796632 0.013582338935304606 0.04735150732913224
1 0.25349906100782993 0.19086094977446563 0.05073217045623544 0.032461584872084934