1 0.2773620261443326 0.7850506850722185 0.04002302513842757 0.09623133355742368
1 0.42416882827150176 0.5221856740862661 0.045221664867109726 0.06784163146790705
1 0.7858258239525651 0.41647265498382274 0.035646405767811015 0.06112062904662628
1 0.7416799529623473 0.3893604443077785 0.01778827729789594 0.018803319253829425
1 0.6995739936784785 0.5124764346226556 0.029626943244739756 0.04516300726384215
1 0.9494413336701726 0.7758247837161696 0.03292192396640843 0.07184325786916222
1 0.9245467092100397 0.791564045979713 0.015544656847545113 0.021289735315176018
1 0.3911957850129186 0.9470837945463647 0.026101425046142525 0.033663413864156014
1 0.4395517442967874 0.8247447688086377 0.013601425046142524 0.032109484709855626
1 0.18671875 0.9840277777777777 0.0296875 0.029166666666666667
1 0.18052360502953055 0.45632170805252925 0.02317668414544114 0.03883048713113656
1 0.06083571715116234 0.3151850926372263 0.0183389898209672 0.034081097031607284
1 0.2379892442967874 0.7996876611955467 0.03279151603912896 0.08980169285257425
1 0.3765911250784418 0.3725744799110065 0.053053951264304275 0.09093793883942314
1 0.3306463718392393 0.2538587632938056 0.03450421036360289 0.09416260066352836