1 0.38480602894638655 0.1697240970371062 0.02663442107632772 0.08269598196218711
1 0.34114622116718474 0.23162153318480114 0.016607645861557073 0.0338181962480061
1 0.2655132567280628 0.26402853498946116 0.03671210594746528 0.053868719335791425
1 0.21827030416115725 0.11590070959326344 0.04225942107632763 0.08318084487685987
1 0.09684846590945995 0.28242736976784066 0.024791960085908248 0.020195981962187186
1 0.15045374349907978 0.5065163142115527 0.05176389586155703 0.034909137806019744
1 0.41726390660414925 0.6204478766180794 0.04917448439616763 0.026503075035485484
1 0.4885662361494193 0.48294945381783877 0.018784299525030156 0.054700015872806616
1 0.4729832589893407 0.162729228709918 0.06228199400710625 0.10045359018686742
1 0.6711944900503773 0.49487234991950946 0.03823034034363317 0.07889296248152501
1 0.21540317446925936 0.5314694051198449 0.016031113749381376 0.04073839754671679