1 0.666645795801035 0.9362173929554948 0.02912629549649317 0.029815121655998193
1 0.5041784693060181 0.7098661914002016 0.02287629549649317 0.02936237857194928
1 0.7292997258628648 0.14281876623847561 0.014232480721668495 0.02735096794249302
1 0.8013953701411962 0.11113844255476396 0.0136514898209672 0.032849930612542426
1 0.8962078211747879 0.036037072753695755 0.03182049892026555 0.0397071225347389
1 0.8853529164082692 0.26728470955970696 0.023176684145441228 0.03769571190528261
1 0.8782570612264677 0.22254197086936095 0.014613212523071439 0.016296449716888064
1 0.9575347486111114 0.14021082900232884 0.010426360271317847 0.02984578129274019
1 0.9284188020487274 0.5384906230368077 0.018769786397194822 0.023523858588863158
1 0.24136579233111988 0.9266412555647902 0.01302043414544123 0.03696000439370298
1 0.21197882402639417 0.4699361492867524 0.01395187846991508 0.04118326394587592