1 0.5926263624655767 0.9754155465454836 0.029217606436617416 0.028068669268325644
1 0.448061897498655 0.7395073694243144 0.022967606436617417 0.028004026714870633
1 0.7145900647827631 0.18766863380523857 0.014319226114786332 0.026526254314980867
1 0.7886749158975496 0.1605242350728437 0.013756497402109958 0.03207372955135455
1 0.8886174266672622 0.09146267977914378 0.03194376868943323 0.03781513244809342
1 0.8604354834042536 0.321521758710211 0.023295388367602497 0.03633736004820381
1 0.8567422188637568 0.27643943205559535 0.014663433540139437 0.015423223523051711
1 0.9417781365644544 0.19920210965260873 0.010522236758448145 0.029263630496849262
1 0.8828764350035726 0.5947894562560921 0.01884283514929379 0.02240806956340546
1 0.17038251679867183 0.9395213419238768 0.013139138367602544 0.03623231589883934
1 0.1754925828419427 0.48201577830148906 0.01408427933309513 0.040407062884687955