1 0.4591787035337737 0.49934420277243957 0.02533188672260831 0.04492928000565636
1 0.5093742466876187 0.5232790241176511 0.02131889294638576 0.024031301930828086
1 0.4034906382843582 0.46558211150007656 0.020277533818178917 0.054538373930262514
1 0.844871732265718 0.32762024849700083 0.02077444128671182 0.029570696301009825
1 0.6413499875640563 0.8909648185161144 0.012772687137526972 0.0432818121507877
1 0.5786903332074121 0.9042390958341757 0.026183991701630306 0.028294935709737325
1 0.4359448809230383 0.7417048273569249 0.018489890871793334 0.030911101633777586
1 0.8698660738717463 0.9414848956078291 0.02804248962703788 0.03527170252492877
1 0.2330902615221157 0.5515615004950685 0.017827040041956278 0.03367271822618155
1 0.17547376598365055 0.6190590086286044 0.026479989627037792 0.03523938015418145
1 0.05781988092303834 0.7338828136360402 0.016312084233097445 0.053068679114504864