1 0.584780794602359 0.7286553400096428 0.01943196159934022 0.042830692316391604
1 0.6491459972283549 0.7749692882229448 0.020690584718878212 0.07204586005179674
1 0.653195168150862 0.6170482139738891 0.017011655251991796 0.085692243596993
1 0.6151818653665815 0.4641469709018411 0.02177571159934022 0.0429761955226073
1 0.6278038858205527 0.4246937112926185 0.051417747492717505 0.04204145835689385
1 0.5252794536485279 0.3357739340020889 0.04298312186589683 0.05123016882299222
1 0.4518568424385815 0.11754419946110077 0.02492344365265158 0.04455908868645027
1 0.4428395436130804 0.04344807766260429 0.024741587226160888 0.033447977575339134
1 0.6722871827988455 0.11457908471307125 0.0366421936526514 0.045286604717528316
1 0.6632202397730145 0.06129204571353882 0.03269047954602886 0.04226632159605786
1 0.7432792958892536 0.3035208999155463 0.0322274782923877 0.06166226497176379
1 0.7176853970700703 0.67100105107608 0.039576977038746367 0.08154321903485516