1 0.37263930706984 0.8150784282538429 0.026074502481199423 0.07258771278402303
1 0.4131818971236519 0.799993999187359 0.029544104838564244 0.05620401054488708
1 0.2529036766931565 0.9325539376755171 0.02634633023145838 0.05319986122508485
1 0.16576749183027628 0.6871132406922997 0.023602319892376135 0.037752304790788886
1 0.07376408240081686 0.7469887610982312 0.04689427067816443 0.03389453580041706
1 0.24101574079681898 0.5234412705694801 0.026256438998963995 0.07953215722846763
1 0.37310582195929076 0.4013156917603485 0.023112168320799587 0.048806823016393726
1 0.8075440191257239 0.6733008152399276 0.03808435090962305 0.08454771717772631
1 0.9172625444567007 0.6348092272040197 0.057559942927905186 0.05407468775644115
1 0.630911975597782 0.7471466000145803 0.019696069892376045 0.037469340363258156
1 0.6742873901967824 0.6913729131534049 0.017170383374611475 0.030355117262295214
1 0.7536430384608448 0.31243613187718955 0.020059942927905538 0.05135822925214705