1 0.11472608767505646 0.2784125204288865 0.03107021753501127 0.056777038636617684
1 0.40792608581302964 0.6832826526681556 0.02431079528527036 0.03649064453768065
1 0.3870635260525933 0.793267164054847 0.040753432588823205 0.04008965126961262
1 0.4764353181327932 0.8170705021869223 0.04838399607105863 0.034197643893284
1 0.559545320821135 0.7652949999315338 0.024419957195929064 0.04065731120434748
1 0.5828201549815347 0.7919581785401808 0.024240174730940468 0.0932246015685021
1 0.6245923741714304 0.6183590679843585 0.02930866439185813 0.07868352973840523
1 0.7416482105034434 0.5102610432777857 0.02534675641014079 0.04631811046671446
1 0.7885317688161376 0.5020449542065528 0.02921661910658795 0.04545544011188348
1 0.7613026237571457 0.9038850788706358 0.02589256596343468 0.06715144380004795
1 0.7964492384180635 0.8933958897527847 0.034267992142117086 0.059975791241642026
1 0.660546875 0.9895833333333334 0.03515625 0.018055555555555554
1 0.4512758833723569 0.9264761731861499 0.04631422787409356 0.07405444684381544