1 0.7600987241859017 0.842098676318394 0.0211255719704317 0.03654193678066109
1 0.9839588645632642 0.7535924820382225 0.026913186364517828 0.04399590130146862
1 0.7634949200933174 0.7622769124106892 0.030054032880756764 0.09545757877269491
1 0.8550053328904553 0.4740874144464031 0.04215554909161412 0.03711833961488619
1 0.9480860400077585 0.27990267652029843 0.02940045757634522 0.030398166741929817
1 0.8055959089437728 0.13277287904247362 0.03848841515269079 0.058903830343083205
1 0.8038738478087758 0.1977929438698323 0.027519093182258914 0.02330814513281025
1 0.8314407384156592 0.2342798095415818 0.011096867728065974 0.038373462988050736
1 0.6903450427377645 0.43363548972589067 0.05789211939505616 0.057945767123744454
1 0.5788972307692726 0.5012070671916186 0.0370374854561323 0.07812990904051496
1 0.5171153525802247 0.1638349268828677 0.021699527879787083 0.04904193678066117
1 0.40536387804411583 0.6178028639645815 0.022751844849248925 0.0380764028342251
1 0.18349667236428138 0.7326251585513044 0.03073968803150797 0.05956483340859664
1 0.14350141342535766 0.7586687813462484 0.022911212577315165 0.07543082566954998
1 0.1254058912954464 0.34748488165279967 0.02463320924333532 0.04516642444334467