1 0.584780794602359 0.6752610865870671 0.01943196159934022 0.042248502164273796
1 0.6491459972283549 0.7156463813208869 0.020690584718878212 0.07143941197667421
1 0.653195168150862 0.5571069812488176 0.017011655251991796 0.08520708513689498
1 0.6151818653665815 0.40751559993525366 0.02177571159934022 0.042321231601474725
1 0.6278038858205527 0.36682568868000404 0.051417747492717505 0.04046469336157514
1 0.5252794536485279 0.28732628716362096 0.04298312186589683 0.04992024098072739
1 0.4518568424385815 0.07560715981789244 0.02492344365265158 0.043807093073298255
1 0.4428395436130804 0.009293235572605632 0.024741587226160888 0.018586471145211263
1 0.6722871827988455 0.05209180448147374 0.0366421936526514 0.044170740259302795
1 0.6632202397730145 0.010102226555163777 0.03269047954602886 0.020204453110327553
1 0.7432792958892536 0.23470487302486967 0.0322274782923877 0.0606919480515676
1 0.7176853970700703 0.6051311648715264 0.039576977038746367 0.08035458080761483