1 0.5468237721969864 0.3883454482010749 0.03769544272021186 0.06477392014917788
1 0.6235524316906129 0.5482230756758351 0.027471015027114732 0.04257241862729397
1 0.4519950733775525 0.4296047808009037 0.01809601502711473 0.04130949414555513
1 0.3733067315550398 0.38740399555768945 0.020430674668035033 0.0388474474882121
1 0.4572163715330565 0.4726706967066284 0.01261362948849527 0.03640612153120754
1 0.4800157946885605 0.5133686292090928 0.02511817466803503 0.0394789097290816
1 0.15047854605379773 0.7231118731147618 0.01802329215447771 0.01908727192333307
1 0.16922172828448803 0.7185026908179506 0.018082379488495226 0.037142827478888626
1 0.5186563743126289 0.7374309760953979 0.04309601502711473 0.04467729276352562
1 0.7486572312604522 0.6828255933282774 0.014117042154477843 0.018561053389275155
1 0.8527950249765588 0.6201644473578208 0.019640334308955686 0.03596442600362274
1 0.9778644334977317 0.14686496685434536 0.029019879488495093 0.038616239374250544
1 0.2955064514517126 0.37773685549655245 0.03368919877033605 0.0336921460595644
1 0.2984450990905804 0.3203714362248617 0.02275169877033605 0.03221873416420241
1 0.267254186424598 0.3426367400528803 0.010251698770336048 0.03053483485521708
1 0.24298543944966006 0.33062151718626137 0.021180108411256348 0.029230468972801463
1 0.18429624067932404 0.309348128530463 0.024405102361132157 0.06020699935560335
1 0.16684031464605176 0.11022197933802301 0.01575681020665449 0.042382651914009355
1 0.3985897635145836 0.011557426270946304 0.02674885236113216 0.02311485254189261