1 0.29176742167086356 0.3451679503891095 0.024518758928453722 0.03306325609940204
1 0.3534597853067779 0.4681038684153925 0.035165932629559825 0.08411487245649896
1 0.279452405233643 0.48194675742976967 0.026930692775829535 0.04025038124163811
1 0.2171705935452457 0.4976974943775493 0.024596625405389448 0.12048236253347144
1 0.9399761635548364 0.1902896218040556 0.025381829545304768 0.041477482998665965
1 0.9749560227265238 0.29519738081092267 0.02643581493480838 0.06933615434237418
1 0.8718541394053304 0.6445720757280717 0.04877841923687924 0.03973762330991519
1 0.9351032745516001 0.6081093457958545 0.015048301542127617 0.022370311086013492
1 0.7126174841700397 0.6024157906167639 0.02298353246740419 0.03567924674531879
1 0.639218030233643 0.5191982445407799 0.013676716314779824 0.04165296839859675
1 0.6009961686263237 0.5610273463605518 0.017582966314780003 0.04205743622824956
1 0.6462004616453869 0.6739311661689603 0.023024442775829535 0.039845913411985456
1 0.60934138981072 0.7353260527820724 0.018282395697928777 0.03380499646084666
1 0.3231397471556833 0.9172818825092615 0.024518758928453722 0.0330632560994022
1 0.26283546976141403 0.8562324136044647 0.017473872158978575 0.03094632511713845
1 0.12433405437985368 0.8592349167629063 0.020022173701106104 0.0520223391482634
1 0.1983355032431156 0.9640206873996334 0.06293637662320543 0.050915929718886824