1 0.25247924496738816 0.7105701715649378 0.02742231512886235 0.03026577608901246
1 0.09863719272882454 0.5333789202976542 0.03942434814554918 0.06682946166814818
1 0.09605828697341565 0.6051006585617282 0.025736984396167763 0.026034455926913502
1 0.12111471930036193 0.6457813594230554 0.012947057326946254 0.04215156788240743
1 0.11696887013673032 0.9164213129015432 0.03868736374938138 0.04182946166814835
1 0.3339151520795638 0.7002475819841661 0.026961969696846656 0.09405768473475323
1 0.5134067788885861 0.7790366847375918 0.02634449400710608 0.09958091354259263
1 0.7683770222740947 0.6454198645769125 0.020469630257724702 0.05910917527851862
1 0.8595126956117001 0.8314634190353382 0.022281113749381375 0.04115059996611118
1 0.9509632112155323 0.8026488628048444 0.03642550090451095 0.04451025920277769
1 0.7351440411572872 0.3937088694737644 0.043252033016686654 0.03785675548777792
1 0.14462862590451114 0.03712359734966028 0.04320776741285455 0.06282442874006179
1 0.14588791073022023 0.15944279981503065 0.03103531603337357 0.0734183118877161
1 0.7654971862279043 0.011711964794351298 0.04407422659425162 0.023423929588702597