1 0.5081779727953721 0.6453835374615183 0.03512175790866543 0.07084285126884866
1 0.40937108173089565 0.7689029340405739 0.022989172433401706 0.051330487131136554
1 0.49603011781418155 0.47464256573257113 0.022607170456235438 0.034663820464469884
1 0.5289168843729496 0.3387498141407009 0.021140170950527094 0.03863624598684905
1 0.4712138250765497 0.48061104548782035 0.020040585969555026 0.024650236525816323
1 0.445681278631731 0.5178295252430696 0.021331171939110227 0.04696957932018222
1 0.31523110397401705 0.5691657419504595 0.02362584239534584 0.07910826490891433
1 0.31913738878439285 0.9798445694546813 0.00994800296574958 0.02616544686572537
1 0.5434124424336206 0.201963617992341 0.017775090418179394 0.061761754237241305
1 0.5753163584412319 0.21150111700579094 0.01732942144481875 0.04231730979279686
1 0.5664334483651197 0.15468299401236643 0.016820085475263546 0.0200950875705746
1 0.5760140368061327 0.11269576475039228 0.015703254448624193 0.03934529087073149
1 0.7477564204376449 0.4133114774213928 0.033113588935304604 0.05120416568011655