1 0.517684476289002 0.5967378553327572 0.03403010200509069 0.06770912193321298
1 0.4210950112786616 0.7291847366470536 0.02219317333704538 0.049289919191652924
1 0.5027733673018877 0.42749087084521775 0.022084085335772486 0.032623252524986254
1 0.5333744793125464 0.28882877704976256 0.020548857336090798 0.03674143290018558
1 0.4781049029678652 0.43575498953238595 0.019676700668363623 0.022828300865563103
1 0.4532318986314562 0.47526910821955426 0.020603401336727067 0.045074766233519074
1 0.3238847512929791 0.5386301002846154 0.02237498667249973 0.0770676969694307
1 0.3344887999284124 0.948070011539865 0.009538632001908987 0.025290917748803723
1 0.5456071256564323 0.15098585821845584 0.01679714867122719 0.06023132828262858
1 0.5776020129893414 0.15753538274909043 0.016669879336408934 0.040786883838184136
1 0.5678093896602503 0.10166466629899763 0.01652442866804531 0.018564661615961913
1 0.5766849503302047 0.05887578534651206 0.015089198002863569 0.03796061976893908
1 0.7529872716422739 0.3428754447960032 0.032340332670272434 0.048216191197301264