1 0.6014645243206942 0.11805946882796044 0.01803323738612832 0.04323332257755696
1 0.5337251808553736 0.22637710452812748 0.04651290145127884 0.06157976962366026
1 0.5242075817160892 0.09455790503100218 0.022021332939624473 0.047440390840133045
1 0.5139533725953382 0.003070857407126711 0.06740575480932343 0.006141714814253422
1 0.46652895209602485 0.8637482824264148 0.019541173683797552 0.04047170543814281
1 0.5116442892544096 0.7341412383643355 0.023120041469812235 0.023845440367385763
1 0.4872134908870983 0.6656578888973376 0.02325645072563951 0.030789884811830207
1 0.4247345662962516 0.7447603760157467 0.021884923683797373 0.040495946395688834
1 0.3893253451521922 0.6784734843506286 0.018596232576804893 0.03213029178562768
1 0.2802517232322351 0.16720573302586558 0.01803323738612832 0.04323332257755699
1 0.3131981598463903 0.06063656041818122 0.017006450725639423 0.030725242258375078