1 0.4877027813703686 0.36120056089000974 0.02822953912941557 0.035440785041619925
1 0.551772359580102 0.49064366529750425 0.036982370413308985 0.08512022244631257
1 0.47487604932434946 0.49843840005245454 0.03137271984757497 0.041384822885750495
1 0.41868740924813697 0.5101957188581037 0.02852497579950324 0.1257185628193977
1 0.8276513309402077 0.5547883383753642 0.014993740924813892 0.04767862420406491
1 0.7887388218650215 0.5957656431015094 0.019672150565734015 0.045483569859149656
1 0.8344126636384364 0.7118153029525145 0.024346015027114733 0.041899626625345514
1 0.7971399226154267 0.7765979599340581 0.016497153590796287 0.0298173097927967
1 0.8978368263535167 0.6440361851377867 0.02354203912941557 0.034858061608757394
1 0.325367449595496 0.868583018517597 0.023614762002052547 0.057080283830979774
1 0.45852285021032807 0.8705587427347754 0.01805965359079629 0.03001155093708437
1 0.520432497751 0.9365646012674662 0.02901533430895533 0.03692679450265233
1 0.5796875 0.9930555555555556 0.04375 0.011111111111111112
1 0.3984375 0.9756944444444444 0.0671875 0.04583333333333333
1 0.1736211302645573 0.9128875116800793 0.03379373789975162 0.06528729571329311
1 0.045307505313655225 0.8393208489596129 0.032190331283893314 0.05259305456900544
1 0.2224214633064713 0.671832445788986 0.015761355386194255 0.04360907810954207
1 0.11288030381284472 0.488145237086042 0.019699421642972937 0.05381690319248315
1 0.13810353849114249 0.7981004192669433 0.016528969847574883 0.039539532015018926