1 0.19581025622016282 0.7440833844043264 0.02799786088597216 0.031917047908304616
1 0.05639502464627373 0.545380273544192 0.04071247436384251 0.0691606689424434
1 0.04818747294972288 0.6164226899263866 0.026230309330833302 0.027588594109777077
1 0.06996508239833403 0.6605566103539344 0.013769265551388844 0.04288007015562461
1 0.04456153157349636 0.9294416489709001 0.03948216503300922 0.044160668942443394
1 0.277792633812061 0.7455923175996226 0.028798234731435102 0.0955632560994022
1 0.45050802667252404 0.8500258213939994 0.028290386804953726 0.101037918089027
1 0.7151507975491211 0.7538849250503391 0.021620721771944316 0.0602747789156663
1 0.7913678267903019 0.9523261038530657 0.02307591503300923 0.04246190405790205
1 0.8847856361211353 0.9368715446328685 0.03727511606976819 0.04669576602242955
1 0.7018093418942135 0.49843765959685365 0.043964613477870174 0.04047936367135997
1 0.14124050893023152 0.057899524903808265 0.04441367280870363 0.06539847010542933
1 0.13288191331282423 0.1798790664282389 0.032460476955740704 0.07521528416165195
1 0.7627101867813195 0.11457102092969274 0.04481421399624992 0.041949146126179296