1 0.6083870473468072 0.14929413154006263 0.018739508019564432 0.043766744005308666
1 0.5466420673957183 0.25421757362080327 0.047515350092285046 0.06298606247864202
1 0.5297765387873755 0.12177206458676006 0.022795952344038462 0.048095044410555586
1 0.5142627590992987 0.026826555552716815 0.06758801819859742 0.01389121141469146
1 0.5149092666528252 0.8887602568362354 0.02020187846991526 0.041053619722962745
1 0.5528313675941318 0.7613553979200933 0.02350735117201914 0.024548586794876807
1 0.524571911240311 0.6915386152454637 0.023757675046142523 0.031493031239320936
1 0.46646307101790435 0.767489351145834 0.022545628469915258 0.04115059996611118
1 0.4273412118263207 0.699303327336513 0.0191202398209672 0.03268795964191358
1 0.2897266849160209 0.18187349830981525 0.018739508019564432 0.04376674400530871
1 0.3167561046419344 0.07690040484459923 0.017507675046142524 0.03123441725759262