1 0.494596601219209 0.27047827862033497 0.028961907981717338 0.03369048291903185
1 0.5614523652800903 0.38805321929592185 0.038829213606069855 0.08283510578626682
1 0.4849540815745019 0.41019168567777897 0.032232457195929064 0.03944004274954156
1 0.42919531017246654 0.43243376262695377 0.031327082712657627 0.12396826069680963
1 0.8380159423064782 0.40079345314232884 0.016044531017246656 0.04675485363936566
1 0.8001542233237249 0.4490518399125891 0.020659256410140613 0.044268082274018954
1 0.8483595139561828 0.5566554445924206 0.025237594499482086 0.04039242201978368
1 0.8126788791338292 0.6284279403363148 0.017133996071058633 0.02879630022128702
1 0.9100482809125481 0.47700816304578525 0.02427440798171716 0.03339947650660062
1 0.344361276569322 0.8084412808332058 0.024856604838564243 0.05562169872882268
1 0.47718233488201617 0.7855885152799515 0.01869649607105863 0.028893302358764257
1 0.5404293516312393 0.8400902641829404 0.02977954528527036 0.0351278728766592
1 0.6016333521479679 0.921150655715403 0.04415241439185813 0.07761905771188127
1 0.4200644247286857 0.9052953197950414 0.0675342564101408 0.0471781463983313
1 0.19406377388098023 0.8810691831472961 0.03519479135632886 0.06319665706686806
1 0.06442870078353369 0.8313844695315274 0.03330480562435249 0.050599654929391134
1 0.2371962088485589 0.6307671430601766 0.01671661910658786 0.04263668804143745
1 0.12375438916332515 0.46739415326031375 0.02087758023145838 0.052601415607352285
1 0.15601473324852239 0.7728350645738635 0.017388707195929064 0.03851852244350924