1 0.5349205138677083 0.12478089701629447 0.022275043502986057 0.03395789247045262
1 0.7538348212384028 0.23090497635481227 0.033358013867708355 0.04677017203901228
1 0.5070059339377606 0.2555801064413151 0.02065799211621524 0.02954820173843618
1 0.4797258272223265 0.25618829640880497 0.020603440729444422 0.025381535071769434
1 0.456388664703264 0.2899821794122207 0.02014949905006951 0.05026002303909457
1 0.5225237907953647 0.42847914433012163 0.03522963839274311 0.07062430721547312
1 0.4280938580918752 0.540616497644443 0.023983013867708357 0.045312027646913416
1 0.3261566306511286 0.3175455806058425 0.021276241166284748 0.07677042396065832
1 0.34568336122600724 0.7370939083051018 0.009702308320625085 0.0264581443920987
1 0.3758907324262851 0.9302964743539494 0.01993129350298606 0.03359335637242806
1 0.5888969392560941 0.7340334402774465 0.01455346248093754 0.03968721658814805