1 0.25800796884459276 0.4413937878352725 0.018589313695090492 0.03906665591089033
1 0.1781103165466968 0.4239069687716447 0.03313267504614252 0.030886848642012726
1 0.12722953577888574 0.3664575043783326 0.024438795496493172 0.02802018735323423
1 0.15046153068936935 0.3826640558568294 0.010426360271317847 0.029263630496849182
1 0.07234702266980485 0.3388166290214494 0.027052655767811084 0.05720301465826465
1 0.05654394509505373 0.1387277455104487 0.018539248920265837 0.0376777670220014
1 0.2846648966685124 0.05431396443273032 0.025540220542635696 0.0585757429087898
1 0.3360823052879298 0.4949593967332837 0.01614543414544123 0.03626463717556684
1 0.34056894740679294 0.5435987889615315 0.01380168414544114 0.03624039621802114
1 0.3631896730389451 0.5861780686905534 0.027814119370616553 0.03499695307440618
1 0.4313249541159106 0.4723421648815442 0.03892160009228505 0.06149088611265954
1 0.5089672964193438 0.6439148474200197 0.024939443244739935 0.04190907624212312
1 0.39852864782207575 0.8190957285912172 0.04270793414544123 0.0365393680277508
1 0.056321960206719424 0.7391959410178004 0.018389054595791855 0.03351110035533477
1 0.03689083975636874 0.7417717108160311 0.019551036397194577 0.022416149882587257
1 0.6323931068752319 0.7965238645053729 0.014663277297895938 0.0168121124119406
1 0.7368658073689565 0.7483172323585533 0.01843911937061655 0.03489998924422366
1 0.9545022370431901 0.45970446333744075 0.03158996144333699 0.05308482990668924
1 0.8867692705103366 0.42221208065142524 0.0245889898209672 0.032186854019900894
1 0.8690072231635295 0.2977691596697777 0.027764054595791877 0.033608064185517365
1 0.5937260221299377 0.362952161756174 0.02199491594684382 0.0252181686179109