1 0.3812643454858479 0.7078381188372513 0.031481804156530305 0.0711565461006087
1 0.31733365569250244 0.6682229272323879 0.023496587334017514 0.018297965131012006
1 0.20615071599735274 0.7443703325562151 0.031372719847574795 0.03782321276727506
1 0.22846432582294432 0.6101163058413447 0.011037493949875809 0.030668680024101985
1 0.17840296589915688 0.6293834462689852 0.012559087334017515 0.01818484066246558
1 0.12585091896159634 0.33549250368849964 0.03526987948849523 0.0350858365854069
1 0.05304564842443475 0.9785848836855711 0.01730567466803503 0.03628887813311255
1 0.8070208574388026 0.5916328294871608 0.027661912567786474 0.09750503339358814
1 0.50942369477282 0.5766558755399024 0.02742556323171641 0.025282811171365913
1 0.5643384537498106 0.5066458087527261 0.022747153590796286 0.028012107034052432
1 0.6476097564429077 0.4849519214265224 0.01418067466803503 0.03625655685638504