1 0.23218285758714546 0.027155596078628146 0.017143234396167807 0.027380854142511325
1 0.08732518034858185 0.23072618962330776 0.0553359531885033 0.08270943246146518
1 0.022548410505107273 0.6072989960915592 0.014922315128862395 0.031207398788819143
1 0.5417222557677809 0.79471711740312 0.02063672659425162 0.040334350169656356
1 0.6145594298405554 0.7516478198898958 0.02980700870642732 0.034750393806647004
1 0.6466366064575213 0.7850238690459245 0.018374863749381375 0.04277200592707528
1 0.7577671551338112 0.18183565489824072 0.021704581637205678 0.05016994639866484
1 0.8151259537543302 0.16244824129173313 0.013482645861557074 0.03514731744191341
1 0.835343278494131 0.057176235364657754 0.03132524310259512 0.05986376781343318
1 0.8128961897901782 0.2512804431772289 0.02256771879233561 0.05306109818322887
1 0.5518430427411964 0.18751752413764927 0.03757856512886235 0.03449524498562061