1 0.1763290052577248 0.06555836144787063 0.017225121551297518 0.028456639479814843
1 0.3685834432946514 0.1948930487990746 0.04806236374938137 0.042217382640740826
1 0.5145017918924563 0.28763056256052544 0.03918200870642714 0.032139566193642034
1 0.6363884189843919 0.20042556771012437 0.057764912369900404 0.053716414724444585
1 0.7935424997170866 0.2110899106677172 0.034409299525030156 0.05552439007074084
1 0.7218589294998414 0.32048654288697637 0.02470675090451131 0.04402535798703708
1 0.7827455198434745 0.4006888267434579 0.024870525214770643 0.049580913542592635
1 0.6001399383756109 0.5457243484432416 0.022281113749381375 0.04115059996611118
1 0.6467227685424787 0.9083224899492911 0.01931988805964089 0.04657684853080247
1 0.6116738605257919 0.8708051653125317 0.032191702283992284 0.03323751435308648
1 0.5426322724434367 0.8977730325030564 0.02059578301668665 0.036919279804012224