1 0.32851928816955056 0.19853529116315474 0.015434783386094875 0.037956401981842684
1 0.09181843279884538 0.061650680297989986 0.018074050079142267 0.05630331925382948
1 0.10708390003957113 0.018881403954942838 0.01715640775927425 0.037762807909885676
1 0.5356892789983505 0.03778475560640366 0.01378135517284953 0.03220660528199955
1 0.5477102147001898 0.34177178156822086 0.026395015439406144 0.04070497888074429
1 0.5050418188172537 0.5328700017052977 0.019341033386094785 0.038442004842561536
1 0.7795285160329734 0.3477463144358888 0.017520120612255673 0.07009508757057464
1 0.7815210934611135 0.25425371630568633 0.036505801332783604 0.039189768540835404
1 0.8570636569013445 0.23024968747440783 0.017642141066226812 0.029914430364940615
1 0.869383632059629 0.33727189308380034 0.029588211599340043 0.0452601278359859
1 0.9096185239837856 0.06923602047160579 0.026372283386094965 0.039316089991855346