1 0.4946514944009226 0.18611111111111112 0.027628092531467273 0.025
1 0.6325327705454317 0.43333333333333335 0.024739890871793336 0.030555555555555555
1 0.6413288140116267 0.5388888888888889 0.018915943361304245 0.022222222222222223
1 0.5918140660862191 0.5319444444444444 0.028764540041956367 0.03333333333333333
1 0.31398137355010747 0.17222222222222222 0.019981535892771428 0.04722222222222222
1 0.294983381123531 0.23055555555555557 0.024503092531467187 0.025
1 0.2893055873449861 0.04236111111111111 0.023354989627037793 0.034722222222222224
1 0.6347840307062903 0.06458333333333334 0.02153238049883104 0.06527777777777778
1 0.6939541386969544 0.28888888888888886 0.03148772095570571 0.09722222222222222
1 0.6989404044685015 0.5708333333333333 0.035961733403260435 0.05555555555555555
1 0.6210680099719769 0.9708333333333333 0.06799298340326061 0.05555555555555555