1 0.4915946486760925 0.12560499466554584 0.02721747146395259 0.02830209945288797
1 0.6254153387085137 0.3569965636283345 0.02423802067816432 0.033469172719868504
1 0.6324776487785363 0.46201795603709933 0.018550946856846905 0.024455995381528813
1 0.5830769622607717 0.46119210763771196 0.02821704528527036 0.03673255335836498
1 0.3111526506405632 0.13410239765579465 0.019205918320799587 0.04945599538152881
1 0.29119654238978615 0.19510654672308153 0.02409247146395268 0.02791361716431295
1 0.28860981275836434 0.0126707698416648 0.022784682588823203 0.0253415396833296
1 0.6337232596152111 0.009908563111820973 0.0204602032669877 0.019817126223641946
1 0.6892091841390091 0.2041511896934544 0.029890861248705037 0.10062144224725394
1 0.6895645567602537 0.48696971928719274 0.035049242142117264 0.0597317401577374
1 0.6051222251834971 0.8987698688026601 0.06708049214211709 0.06371368361563189