1 0.26711153414994104 0.6093413495736415 0.018068743949875808 0.0329761608122218
1 0.5886254528169499 0.6616769127043831 0.058107936670087665 0.09806581208183442
1 0.6365038957335534 0.4973686891933675 0.02668521984757497 0.0410782860315935
1 0.7343987676593933 0.5834408192114813 0.028261355386194252 0.04545544011188348
1 0.9888425796731664 0.30466106689442246 0.020389768052177005 0.026347447488212102
1 0.9321130632317166 0.15055574222621118 0.03918976502711473 0.04415107422946771
1 0.6836712784926003 0.23509117716227954 0.024327834308955333 0.03659588824449224
1 0.6244283491396784 0.38676225581341617 0.018840903590796286 0.030303626741255762
1 0.5455675509350765 0.3900215303143357 0.03291249394987581 0.03497579124164171
1 0.5447229288619426 0.48986366475411836 0.01818691861791084 0.06908727192333292
1 0.3063371397325271 0.42581988973214296 0.022765334308955422 0.03638540083086907
1 0.08353972872636942 0.23337805514424936 0.014171584308955421 0.035227720055941665
1 0.3084485646951497 0.11651864233716706 0.01339033430895542 0.03512247634913016