1 0.48928831354698266 0.7767073631113643 0.027299484396167806 0.026924158107208187
1 0.3692325203535306 0.5387097812266406 0.024338258706427317 0.032253342120739284
1 0.36804735724846116 0.43346548654136874 0.01862384724103805 0.023523858588862998
1 0.4170613893606368 0.4368445791989272 0.028326395861557073 0.035314084326047795
1 0.6689570027713339 0.7775515918910912 0.01936083163720568 0.048523858588862996
1 0.6921610080290588 0.7176619542063394 0.02417448439616763 0.02669778656518373
1 0.684269403269018 0.9060261773073022 0.022898589439121864 0.03630682301639373
1 0.3403932505100561 0.9087614175932816 0.020674348145549182 0.0666360070299245
1 0.29739626328678354 0.6880495102673649 0.03020980042954129 0.09920297321493668
1 0.31273905953245335 0.4055957298533653 0.03523149310259503 0.05798904963231893
1 0.42023393487113764 0.015103334618394413 0.0673446302577247 0.030206669236788827