1 0.11267366698885853 0.9048202465100043 0.02793355242559432 0.06414745910270925
1 0.26174110145686563 0.8233794329988352 0.034709581972371416 0.12668786069861857
1 0.27991733895444104 0.7085536900900453 0.014142119395056163 0.052898982565506
1 0.38133618880465986 0.7894880946367544 0.027439344849248926 0.03637776164411295
1 0.4718815049406267 0.7697926972924743 0.05588320924333523 0.04361309757910527
1 0.5950160515317562 0.7789407538475853 0.027439344849248926 0.03637776164411327
1 0.5749186399425664 0.8604372035826329 0.033864688031508015 0.0572676572117195
1 0.6829302528991837 0.9572832279576999 0.024314344849248926 0.03634544036738577
1 0.8889652934263275 0.8057757854250815 0.017857050758604488 0.04877271749474896
1 0.7835138082600591 0.10931311320595623 0.024234596516238938 0.05161513782598159
1 0.9777101539428031 0.15107535468721314 0.020408094849248926 0.036305038771476304
1 0.5783472380412064 0.5095407511586413 0.022225686364518004 0.04187675496539561