1 0.23126488879005355 0.2479577779281581 0.028116639812585564 0.05119031245974115
1 0.14582030802995458 0.22929332418506335 0.048307119358614425 0.09430244040717521
1 0.1087055786817814 0.1285424219602549 0.025128032132453626 0.05907014976592942
1 0.093072218494367 0.07893934559552133 0.021548391066226812 0.03083887596100661
1 0.07843592240725761 0.4708044740798212 0.019522889812585563 0.0499431983850924
1 0.21212947773207405 0.795095026951048 0.02490071159934022 0.045181260877040406
1 0.2281205390939874 0.918535962440465 0.019241744985435006 0.08038537993386147
1 0.25175191887744314 0.7187059088391299 0.02732702962517113 0.09818578666839085
1 0.5434374821198183 0.9113912223941545 0.03988085391920819 0.05566870033931271
1 0.7259235135921978 0.4554803129108821 0.02037233597251955 0.054223239058545245
1 0.7764607226842555 0.3820673197828605 0.010951871865896834 0.050084973199332375