1 0.22846031405500913 0.2479577779281581 0.028735831637205854 0.05119031245974115
1 0.14309768515405102 0.22929332418506335 0.049454445386587144 0.09430244040717521
1 0.10723044521724505 0.1285424219602549 0.025856493102595034 0.05907014976592942
1 0.09221627685445084 0.07893934559552133 0.021912621551297518 0.03083887596100661
1 0.07242611940359094 0.4708044740798212 0.020142081637205766 0.0499431983850924
1 0.2021313509168831 0.795095026951048 0.025447057326946253 0.045181260877040406
1 0.2165380096687389 0.918535962440465 0.020261590343633083 0.08038537993386147
1 0.2428282719932108 0.7187059088391299 0.028565413274411533 0.09818578666839085
1 0.5325469906162041 0.9113912223941545 0.04053646879233561 0.05566870033931271
1 0.7213433152424338 0.4554803129108821 0.021046162369900402 0.054223239058545245
1 0.7729367927411965 0.3820673197828605 0.011589275214770645 0.050084973199332375