1 0.723428996521088 0.20698285734173624 0.04124675333397985 0.034681127418012714
1 0.7722810847023773 0.17680566912218218 0.038504390606883376 0.04269088648762391
1 0.7754537531890479 0.2629976737992238 0.022624299091614473 0.035517459613457765
1 0.7455909100067888 0.2451574024053202 0.02963957363742171 0.0528312748075687
1 0.8171394446994678 0.03400714055373229 0.027040732122152633 0.04703303855422148
1 0.7362401310639858 0.0842485252090354 0.021587957576345396 0.029881010491971616
1 0.4259638072816321 0.3787282322664912 0.016087256667959692 0.06248630173193009
1 0.4925531947840566 0.48696142067427767 0.02697695924333523 0.04564414966533263
1 0.3297423181170667 0.4884690578270854 0.02138066348570078 0.04230011692604118
1 0.10549129486379645 0.7161284562625368 0.01819189060688351 0.04058765377342992
1 0.050820543945712546 0.29476866672941077 0.023517119395056164 0.05496190405790221
1 0.1634479607653932 0.3542769008324696 0.01949929909161443 0.03519388534973563
1 0.05584314166989944 0.14772192990711952 0.0220821651526907 0.057577894703818876
1 0.10638372835337655 0.9407102901648143 0.024154848183228862 0.06885079294679095