1 0.6906337823598405 0.6605730465228625 0.044205378923510126 0.03367137934556103
1 0.4069107039339334 0.5589725370710051 0.029257786702793054 0.03395655709323349
1 0.39761464748854053 0.7537846274072563 0.029257786702793054 0.03395655709323364
1 0.42203034825709085 0.9436392037376717 0.029205378923509898 0.03262322375990031
1 0.438 0.9966666666666667 0.028 0.004
1 0.193 0.9906666666666667 0.028 0.016
1 0.23323928864631477 0.7835183722592765 0.025362602261359085 0.036343715603724076
1 0.2511975113510873 0.7202841848930129 0.026624641157774305 0.04308025930943465
1 0.23680870520008668 0.6840424500521068 0.03394334002709473 0.026305942288453784
1 0.2529262773395194 0.6120367804606106 0.015943340027094792 0.025048155585660727
1 0.1995289668012744 0.6235967536855649 0.032415010040642074 0.038166188210365666
1 0.2248477195836813 0.13870628192302542 0.027100563364943868 0.029816803015145447
1 0.21814584821279892 0.3995183722592765 0.025257786702792998 0.033677048937057405