1 0.34028892468480487 0.38294859173028284 0.04890794000678545 0.03876797302030294
1 0.6245015930881452 0.11056487204823641 0.03490794000678534 0.03757175866715898
1 0.6455127235102109 0.30326530749944847 0.029152385393227634 0.04639242870628777
1 0.6312857597034649 0.5029324851266171 0.03594286077627703 0.03899053588285976
1 0.38820801630860635 0.8220672934366936 0.02955873231186797 0.023811205921988706
1 0.7989540547831939 0.9236805079916355 0.03190794000678534 0.037315427020056934
1 0.8079762520424746 0.6776715548349972 0.02901270231526064 0.04105909537295444
1 0.8650746631933196 0.6672512447377905 0.017628573850851353 0.025452546000246153
1 0.7787667062305739 0.45766362359936286 0.01955873231186797 0.02295676709831423
1 0.830452419305148 0.4501067054824687 0.037977781545768946 0.040494756980927984
1 0.8061920854271548 0.2857311611684536 0.029907940006785337 0.037144539255321886
1 0.8479714303881385 0.09041369030638903 0.02794286077627703 0.038306984823920365