1 0.5757889564277944 0.21427473826558258 0.025002757187553015 0.05983663140317382
1 0.0017780017875457504 0.547360598108489 0.0035560035750915008 0.043510114263629475
1 0.04219159503940495 0.60308872054631 0.024443848204980214 0.04383663140317367
1 0.06410664099500489 0.6744221639066973 0.02721096946224148 0.0374964818760515
1 0.009158805228623184 0.6607348286045559 0.018317610457246367 0.031727792356658936
1 0.5012244589601509 0.594968339626243 0.02530412095933707 0.039945470449688554
1 0.647432671234839 0.6016356664552335 0.02530412095933707 0.039945470449688554
1 0.789724458960151 0.5635682747067221 0.02430412095933707 0.03983663140317382
1 0.8408066558169977 0.541405236191058 0.025164393713693698 0.0359454704496887
1 0.8946545953373293 0.5541401748226678 0.0321643937136937 0.036707343775292126
1 0.8812695820049578 0.8232421976753936 0.02830412095933707 0.0402719875892329
1 0.8343955974227992 0.8675277076251505 0.0271643937136937 0.03616314854271817
1 0.6707010969759128 0.819594989346608 0.02711781796514606 0.034829815209384836
1 0.6231558998211417 0.7975403497692426 0.0321643937136937 0.036707343775292126
1 0.5960504150900209 0.8177579178352183 0.01953699970207572 0.045959102837266376
1 0.5419353543124282 0.7984107320601991 0.018698636228216173 0.021959102837266375
1 0.5509202638908498 0.869159083025279 0.028443848204980214 0.0442719875892332
1 0.18699288470122458 0.8496608407163635 0.02221096946224145 0.03695228664347754
1 0.3827010969759128 0.8509406347428714 0.02511781796514606 0.03461213711635537