1 0.414905761012403 0.42324451603627644 0.02099574780637772 0.026264553853113284
1 0.4347945671634036 0.45943922835040624 0.022152971144226968 0.030311114879102204
1 0.44984059665225334 0.49940113553459103 0.0232053789235099 0.03169100923842461
1 0.4498618576203644 0.3729672739978694 0.02310056336494381 0.029024342571757945
1 0.4502966393471282 0.9173228257854338 0.026471670013547395 0.013210586675713785
1 0.4734574241506914 0.7447196565651036 0.017152971144226967 0.030078309749157293
1 0.47298511732232223 0.11052706836850075 0.03368130113067946 0.018869847190970252
1 0.4848696712797006 0.17163606478206286 0.02852407779283044 0.014637042061025264
1 0.6805460294888498 0.07094826997986228 0.023310194482075986 0.03435767590509126
1 0.6757400332873094 0.48197048843409335 0.027415010040642073 0.03721058667571393
1 0.7256486650375182 0.5581588566555762 0.030838524468528705 0.02273016411300326
1 0.3230374711885188 0.5746815354893547 0.023415010040642073 0.03702434257175795
1 0.31106654581596616 0.24472809651534377 0.023467417819925233 0.03835767590509128
1 0.3077974379012094 0.1234646047209939 0.03552407779283044 0.014962969242948248
0 0.20080307155064805 0.39797040365429226 0.06846741781992512 0.040452922074596095