1 0.3813450105851349 0.9352360777340161 0.03468130113067957 0.01918052511625319
1 0.5936877872472858 0.9276911290907662 0.030519825599208163 0.040242212599157334
1 0.6287380689297577 0.9118167727228035 0.036838524468528706 0.023289183456425236
1 0.656655205067211 0.8870165517971513 0.0254150100406423 0.037303900082061164
1 0.7042118650401162 0.9083815870479861 0.01210056336494381 0.028597620870944713
1 0.5264639641803841 0.6958473106023362 0.030786116689245545 0.02162987510257638
1 0.6778612747186291 0.7029226100826157 0.028943340027094564 0.025521216762404642
1 0.8095666536421391 0.6651659867197415 0.031419262234264354 0.01235087093932907
1 0.8661997991871577 0.6714025573581797 0.016152971144226966 0.030148270884621523
1 0.9234859158764034 0.6483329592483273 0.02504815558566088 0.027970566748727832
1 0.06119342089672443 0.6772190330324425 0.00920537892350994 0.031101300027353774
1 0.08944413858117588 0.758174330841404 0.03189093224781169 0.024350870939328768
1 0.016208994302310403 0.6157996686115218 0.025576485572113457 0.016024895918813703
1 0.8885963650844082 0.3681654344056113 0.030419262234264353 0.012296541769243049
1 0.6001338901860134 0.2940295520706885 0.030681301130679458 0.018963208435909717
1 0.26866222017246605 0.32401250736911497 0.01668130113067946 0.018202600054707394
1 0.24369480235254085 0.3626225761994665 0.03368130113067951 0.019126195946167476
1 0.20950287073780577 0.31857842632255823 0.011838524468528646 0.02193095420427805
0 0.513633199458105 0.4510697169292685 0.05415297114422674 0.032212779347885016
0 0.5465043061067086 0.4652496897313915 0.014515573405585883 0.06465195004103058
0 0.7016395777485385 0.4787743391979941 0.019301690094831656 0.08486926672137406