1 0.6545266047103617 0.47464133348205556 0.052071577339272326 0.06193636815904237
1 0.8267481447326332 0.7052922666942462 0.02369203866963616 0.030804409769261555
1 0.8064805507240429 0.6195524807754169 0.022111357336090976 0.028611893562422115
1 0.841036269374589 0.46373035353272934 0.02207499466899989 0.02444522689575545
1 0.8011999680139994 0.19340163123524393 0.022093176002545435 0.026528560229088664
1 0.36280108668840805 0.23876291044663026 0.05056362133990877 0.0680771852855361
1 0.4197312446689999 0.05223226820311784 0.04571248933799978 0.048999636665017075
1 0.35464587806331527 0.646277372228666 0.04896475867281787 0.06380133574536302
1 0.17504819004613423 0.46508052464894384 0.045803396005727005 0.05941630333168367
1 0.18115164469286243 0.26979310568314213 0.05223520934118144 0.08068636815904237
1 0.1778710086728179 0.07280892280963579 0.05207157733927241 0.06193636815904243
1 0.17192954400063634 0.01826011608569694 0.04073408800127267 0.015338754711164733