1 0.5000173170210374 0.9443736170113296 0.06546544213876336 0.0568647293889156
1 0.479419461464062 0.7849021920865522 0.05570979926161408 0.0843214376880569
1 0.7258783849777497 0.8334828870753398 0.04748871424570143 0.058553470994036315
1 0.7085245362444543 0.7031546433885952 0.05043053397835615 0.0520497918376274
1 0.7760485089497338 0.5822084202445509 0.04324435712285094 0.030336154313692836
1 0.7370454933163644 0.12654457455824372 0.045674891101206865 0.07977814598719798
1 0.7139705595671567 0.02781444464686605 0.04157016661998523 0.0556288892937321
1 0.6395800511776011 0.18514783738990753 0.04760507478039244 0.07188680432736973
1 0.5038931737237544 0.32845511076645845 0.034395625817948826 0.04718052511625327
1 0.2653877059961905 0.2847731157503173 0.04040726187141797 0.048839833470101894
1 0.2804800938256019 0.38790384902894326 0.03447707819223251 0.05651385844958653
1 0.20420699686824903 0.3660600305405131 0.04341889792488706 0.05033615431369284
1 0.2589540193252986 0.8501879428387795 0.05777961558242873 0.09243009602822834
1 0.19484929484407684 0.8656650097242757 0.07387270401018134 0.10396602941626922