1 0.27692310675543447 0.4194252588770381 0.023715657662056855 0.05520195532446542
1 0.5497901820827118 0.9195870046804557 0.03285529818148257 0.06607808277027045
1 0.7990843875369458 0.8531368931675729 0.05320946077913868 0.01723349125492738
1 0.5797921937684728 0.4223734126460381 0.017698202597128784 0.053728981471706294
1 0.5607471610404332 0.27352882113069493 0.037488741817990105 0.03819444986979208
1 0.5056796119483739 0.05087867948514373 0.035977483635980204 0.07548123636331681
1 0.35161397688581814 0.517656478964312 0.03157601714263115 0.04472147601703303
1 0.5033769384435681 0.3794987993120018 0.02550619688291829 0.03924850216427391
0 0.3453101677971858 0.9610014490075974 0.08076802285684152 0.060528540259009785
0 0.39864888701567464 0.5138959615621437 0.052064758960621245 0.08252027774845207
0 0.4415737459749778 0.1749999348958285 0.07038401142842077 0.030962472726633678