1 0.1593385116937878 0.5139598555831237 0.051980847907055934 0.08647373090864358
1 0.2833371331000112 0.4882023664044934 0.06356166617012617 0.074753011947495
1 0.24834134299130511 0.8164534857122772 0.044189060181744136 0.06364415030264688
1 0.34597969164317177 0.794079250906183 0.03932878742738739 0.06752778320312548
1 0.4370769789215971 0.8847939785244274 0.023002757187553242 0.057822075151323586
1 0.7785742217340439 0.8354550649282176 0.06009590868464875 0.06134985835444877
1 0.8569564037688979 0.8053053018106087 0.050909605690457736 0.05580706424197706
1 0.9725 0.5493333333333333 0.053 0.08
1 0.7340563741249123 0.7051907947987126 0.05418906018174403 0.06387688450168995
1 0.6257919359452401 0.5234835726351418 0.03558357545062336 0.04612462961007926
1 0.657160332042328 0.20580602631440736 0.0368630299419101 0.054147903029983506
1 0.5799055440190921 0.22532403289520608 0.04258357545062336 0.04628754354940929
1 0.5958424992551893 0.12377786458333975 0.03800275718755324 0.05817117644988779
1 0.23309046841950645 0.1939380962749884 0.06965481766722166 0.07755931913358745
1 0.22110962051245053 0.10839530216251643 0.0784000296439856 0.0990788398261551