0 0.138398428211314 0.5164935904005737 0.01034908160407258 0.040932357492580194
0 0.34935188399743766 0.5308330001606815 0.03618617685550532 0.02468982030662179
0 0.415962426505394 0.549699844153006 0.029151268695098112 0.020037170061815837
0 0.4717646135964195 0.5322543794447882 0.02715126869509811 0.019850698563299678
0 0.494694797275605 0.5263988016777225 0.011453806085294331 0.05302559324183812
0 0.5449678942329579 0.5051072070152521 0.03248871424570143 0.05898354397625644
0 0.5454042462380485 0.5551072070152522 0.03631417344366537 0.03935648697328846
0 0.6849915166390668 0.5781135940367451 0.025279265283258155 0.03433089373145034
0 0.7198577020241722 0.5660435119274423 0.01122108501591265 0.026358926575171457
0 0.7322995217568269 0.5605422921265008 0.010290901336727075 0.034265690825913526
0 0.9160846050668194 0.610317718782013 0.021279265283258155 0.03395795073441832