1 0.4622887252944109 0.34250685893933647 0.05986589600572696 0.06132323051556554
1 0.6918409599777282 0.1594733066076019 0.06319089067472702 0.08450690931463048
1 0.6796869526575459 0.03805599732988692 0.07103975334181775 0.07611199465977384
1 0.21910234663431968 0.29875047193306187 0.05681362133990877 0.06938955171650071
1 0.22903987328932018 0.41239926280300154 0.05063634667409058 0.07718886078503763
1 0.15578418662477467 0.39784071458102566 0.06931362133990877 0.07045760024609346
1 0.4195530485757769 0.856194424227881 0.07421929734245421 0.09585811844469087
1 0.4484860232336409 0.9401161423034314 0.07063976400381797 0.04350777297895926
1 0.6340246285805493 0.7910290931586049 0.048946577339272324 0.06247202138550515
1 0.6682638159214127 0.714200379401991 0.06004770934118149 0.08215656384889887
1 0.7388223112667303 0.590551026122798 0.04582157733927232 0.06220500925310712