1 0.17295747806377784 0.25333333333333335 0.04483002008128426 0.072
1 0.2538243325187591 0.26266666666666666 0.043733708909962615 0.018666666666666668
1 0.22320814183514281 0.6413333333333333 0.05230594228845382 0.058666666666666666
0 0.8567860627761592 0.49066666666666664 0.021716700135473728 0.12
0 0.673816518859423 0.466 0.07367279674343513 0.068
0 0.7434234605148001 0.456 0.06740225345977546 0.112
0 0.16003252826698838 0.43333333333333335 0.09030594228845382 0.058666666666666666
1 0.5462683093606756 0.91 0.016729456716340338 0.044
1 0.4104149022144692 0.9773333333333334 0.03873370890996262 0.018666666666666668
1 0.8189191544080914 0.952 0.03330594228845393 0.058666666666666666
1 0.3071833194013177 0.946 0.036890932247811634 0.02266666666666667
1 0.11237312491924169 0.9126666666666666 0.03610056336494387 0.028