1 0.8074334085584427 0.6180023335461952 0.03749623256804019 0.021162899234706857
1 0.77218540339567 0.6288481610562049 0.03606981395773134 0.009157081404895961
1 0.6684439330055908 0.40390309707566674 0.01353501810011312 0.02605817829810951
1 0.841622124210632 0.38465941495109085 0.04539539018465014 0.008197806213572448
1 0.24724889413275172 0.16207338960012127 0.041441932823137906 0.014180352724139596
1 0.8638651396077236 0.1582641358876881 0.03213187080904815 0.01713962791546294
0 0.2975682689507193 0.46128283147331567 0.06297695092325095 0.040273438001114985
0 0.4282039071917275 0.45785297879478926 0.02575221707972211 0.054110538766408124
0 0.6131924937746004 0.5001587482236066 0.058829565901373525 0.021255984511682074
0 0.8130024446674424 0.4765314226952499 0.05891489407193391 0.03225598451168207
0 0.8153204860304413 0.5175401494399664 0.057612589164259286 0.03625016668187118