1 0.4618857998763825 0.8158785758144625 0.024183542110557937 0.05412171312932151
0 0.6118039230306249 0.9270941325107618 0.016591688534988408 0.059980108127675215
0 0.6002427423271057 0.9086999426127677 0.01342842996521631 0.057010339585391194
0 0.5930696720681026 0.7509525275091155 0.018346800680330035 0.05618217604475346
0 0.5873251968148966 0.5840738469892082 0.030775395686127468 0.04816228417242852
0 0.621927192160859 0.6054584846002685 0.03920399069192467 0.039738256465947266
0 0.5826209585621004 0.6452150583416257 0.0232039906919249 0.038121713129321354
0 0.5957029179281486 0.5180034381376137 0.037897922133747215 0.018404923132613778
0 0.5849070736606542 0.48776079917742843 0.015203990691924673 0.037313441461008554
0 0.5612133897797033 0.4091744872985185 0.01761213711635537 0.044182176044753455
0 0.5648871202010303 0.30685149355057634 0.016183542110557936 0.05331344146100848