1 0.16604375521004158 0.5183542442338188 0.05310130635363623 0.08799546266754138
1 0.28966597260686694 0.49647872382788727 0.06452456014765608 0.07664741270857212
1 0.2589944518154316 0.823285750752227 0.04501189685345162 0.06494849181027348
1 0.3563089179475837 0.8039705073390196 0.04020414558877826 0.06867684595984429
1 0.4485704315806588 0.8974181409732438 0.023755565206349274 0.05847424590513674
1 0.7893148663743094 0.8587468775644105 0.06088373102990045 0.06315109186498133
1 0.8672768764916959 0.8310660465862381 0.0516273993827981 0.05732879600087472
1 0.9755 0.578 0.047 0.08133333333333333
1 0.7430988239320795 0.727240377427642 0.05501189685345162 0.06549178351113248
1 0.632479672298266 0.5423654687455488 0.03617881900036923 0.047180525116253196
1 0.6596638563839058 0.22600779180753208 0.03756331647102252 0.05523485428633914
1 0.582689182972315 0.2431034498741667 0.04317881900036923 0.04756082930685443
1 0.5972868402214843 0.1421628686908414 0.03875556520634928 0.059289183456425046
1 0.23556773201624254 0.20097222369111864 0.07065272597120725 0.079640054395754
1 0.22246642566260635 0.11514992782701239 0.07967805255961627 0.1014080210897744