1 0.26151689294263164 0.10327402760218311 0.030727425705962902 0.03473016411300326
1 0.2365162312797111 0.3566941388948476 0.027785619762439977 0.03725714770170301
1 0.25861356174139666 0.5665459876067067 0.01843645542357774 0.020838098467801956
1 0.21144817756613957 0.5840909696745175 0.04181471679067846 0.03924233539888216
1 0.2363961754124037 0.741089907615754 0.0287274257059629 0.03463704206102527
1 0.19002260290232775 0.9554645199411929 0.02896020193187104 0.04530370872769193
1 0.17960352236442667 0.36334811737622036 0.01749464948005476 0.023458204108479548
1 0.4015232645652483 0.6933607773015804 0.02884381381891694 0.0399703753943586
1 0.4191404940609982 0.8813988701173957 0.035698328677724475 0.03362963590961469
1 0.42762444250116255 0.9490729429354727 0.029814716790678403 0.038683603087014184
1 0.42033329249890194 0.5002898737038336 0.0347274257059629 0.03491640821695925
1 0.696253696362644 0.5755321525828484 0.048727425705963015 0.03556826258080521
1 0.6670682334334469 0.17848665361562283 0.033407358395339086 0.020203180524303584