1 0.7737235280119776 0.19718478846434204 0.03694445033193053 0.05649139822550775
1 0.8322751161546342 0.19234341495341364 0.036507940713283914 0.04086639822550775
1 0.8873379462817521 0.2003637072853326 0.042903443919499296 0.046393066539813045
1 0.6248379462817522 0.1869936380845104 0.03873677725283263 0.04618084321916512
1 0.49197749836861954 0.16327540849044198 0.04312169872882284 0.054205566539813045
1 0.06215606727398258 0.16485390646370088 0.04283069231639159 0.04378889987314638
1 0.03394840302611397 0.09170070405566975 0.0366534439194994 0.046074731558841085
1 0.37954361210445586 0.3792178804805853 0.04787037822035198 0.07525112319379446
1 0.673789641747814 0.41376393041642934 0.04125662020481305 0.061911954879489084
1 0.5058167210026961 0.7507515275651399 0.04118386860170512 0.05930778821282227
1 0.5522816745408423 0.6931370949287722 0.04355820834746969 0.06983056653981319
1 0.08921289329437644 0.652600167173352 0.06208995353814624 0.06297307148272886
1 0.2668947458084581 0.901574382445358 0.02148809776130361 0.02449861660323993
1 0.4035217265711644 0.9398277520267411 0.025945770840401512 0.035127506590554525
1 0.4280620727293602 0.9202147027871336 0.02342592788842133 0.01939639493023056
1 0.5083333333333333 0.9947916666666666 0.0375 0.005208333333333333
1 0.6291268836191842 0.9669658671718935 0.02371693430085268 0.029813061596897228
1 0.7066103507696105 0.9565690819372143 0.03183201282486247 0.022425008238193083