1 0.611392402855756 0.5439815600305136 0.020442229908755508 0.02704221098068168
1 0.5922756085093338 0.5102289385209774 0.021512055683822383 0.031127654863049126
1 0.5780889883878447 0.47204909759960434 0.02253533094217778 0.03254643207874991
1 0.5753001379316227 0.599142983678108 0.022488780425466755 0.02987976541208324
1 0.5867805572642001 0.052015328815058895 0.026209477325199942 0.014221540941552936
1 0.5598179784796002 0.22857864528608154 0.016512055683822382 0.030700435451212038
1 0.5464086390860228 0.8660053537374166 0.033302578358622215 0.020152981451458194
1 0.535849614830845 0.8061504039532404 0.028232752583555565 0.01572576203962126
1 0.3377698236451784 0.9332391804267246 0.022581881458888915 0.035213098745416574
1 0.35157776881331143 0.5194448588970089 0.02662843197560005 0.03822154094155303
1 0.3032859919745781 0.4494607213682775 0.03037240413368886 0.02389664980435585
1 0.7066691976281558 0.3796080595585063 0.022628431975600053 0.03787976541208324
1 0.711429824071156 0.7096935034408738 0.022651707233955678 0.03921309874541657
1 0.7120478725815117 0.8311550025977582 0.035232752583555564 0.016323869216192784
0 0.8251600683268447 0.5410726244784025 0.06765170723395568 0.0430580734519505