1 0.16440829117755656 0.07224188188486658 0.03839242870628777 0.028628431975600024
1 0.15532131441368324 0.12998627209759991 0.036631875961117354 0.023605156717244485
1 0.1653798988261357 0.1773815334349999 0.03305909537295444 0.028535330942177778
1 0.18910259510274507 0.3221836937389777 0.03705909537295444 0.028605156717244427
1 0.1893379546735589 0.47340480869335544 0.03822154094155295 0.02662843197560005
1 0.19089847220967468 0.9370681535564889 0.0367173198434848 0.024605156717244427
1 0.2506242342492958 0.9640673174471999 0.03620465654928027 0.018605156717244428
1 0.25982249244444755 0.8998112896052887 0.03172576203962111 0.028512055683822382
1 0.4363566160797345 0.08251700443868862 0.038221540941552876 0.026628431975600022
1 0.47420159078626845 0.12692348535062192 0.03921309874541657 0.02265170723395559
1 0.4155477208278588 0.29219198693099974 0.027725762039621106 0.028442229908755508
1 0.4511174356530099 0.4037381193930664 0.042392428706287774 0.028698257750666697
1 0.4539757180283028 0.593470871976622 0.034306984823920326 0.027558606200533405
1 0.43391995524646504 0.7650760286938664 0.04446098819638246 0.02174480826737772
1 0.7796099046595331 0.8491757507007328 0.04080276372585225 0.025674982492311302
1 0.797441304869203 0.43274474036651067 0.0328882076082197 0.02653533094217778
1 0.7557076115939475 0.3818964476004662 0.04931542702005663 0.03181463404244448
1 0.7377406025898859 0.10129170893786622 0.0367173198434848 0.024605156717244482