1 0.050220777126660024 0.5721002338520822 0.02247520072563942 0.032820575401610576
1 0.8129315643353031 0.3045581740714345 0.02705357332097762 0.027750381241638106
1 0.5995610342982362 0.357312443440538 0.01924107332097762 0.02694144558233281
1 0.1801835517214313 0.2820090476573282 0.022420637023308564 0.03004279762383264
1 0.1413145138798161 0.40688835532967665 0.01767857332097771 0.02677965845047178
1 0.15902036905195924 0.4350569026690372 0.017733137023308566 0.029557436228249558
1 0.6095560823914704 0.4692324902109545 0.025381945916316085 0.022033038554221524
1 0.8839310890148923 0.5849643447207103 0.020967264427970277 0.03543656604752717
1 0.8969568786706059 0.5336426511296821 0.030233137023308387 0.0308517332831381
1 0.8294618438242157 0.5904129062166842 0.01795139183263217 0.04066854733936067
1 0.7500918023544034 0.5586315449465892 0.025381945916316085 0.022033038554221524
1 0.8774057813030112 0.45122654355772435 0.02263889183263217 0.041153908734943914
1 0.8883507157865818 0.3733541739459462 0.025927582939624473 0.049810816331999304
0 0.34069695498680863 0.43584954797529574 0.10020338584218216 0.17947524661983055
1 0.2618254213215447 0.35006330717039524 0.021021828130301134 0.03821434382530495
1 0.25357641170289785 0.3270321492888677 0.023928573320977708 0.027426806977915972