1 0.26504866923311365 0.09320336780017137 0.03174817029858775 0.035896649804355966
1 0.2477648366904371 0.3478094062123777 0.02888802392247476 0.03830698482392032
1 0.2763132729775118 0.5569808049376145 0.01904890217915272 0.0215379898826136
1 0.22961743131486212 0.5763727226834003 0.04295795073441832 0.04083653251039747
1 0.25940375853016817 0.7325356792125007 0.029748170298587753 0.03572576203962126
1 0.21952212162918627 0.9488933172132392 0.030307584794135835 0.04639242870628792
1 0.19097461712626765 0.3566797075073207 0.01818875580303967 0.02411921266691282
1 0.42330595417186284 0.6783519947395089 0.030027877546361877 0.04105909537295444
1 0.4467005980618695 0.8658651689942155 0.03667824348664431 0.034990535882859754
1 0.4572668654709886 0.9332670618176435 0.03095795073441832 0.039811205921988405
1 0.4362364932519973 0.48438678544505825 0.035748170298587865 0.03623842533382564
1 0.714851662840269 0.5489751616763849 0.049748170298587864 0.037434639686969605
1 0.6734785094751311 0.15272676126491713 0.03397897536720916 0.021486314784791526