1 0.44660424676384114 0.8625608698208328 0.04234547474720848 0.022556961599340043
1 0.6503549047704829 0.6936851861973111 0.028941448772992356 0.03795464106622681
1 0.595830899716849 0.4376768785963215 0.053408099566852406 0.02117631802583091
1 0.6340026782153192 0.37067959521022664 0.03678991919165292 0.022466033386094875
1 0.690295712124474 0.2565345271843957 0.04804648917716589 0.027335389812585563
1 0.694988698415209 0.194770313077773 0.04790103030276403 0.022647889812585566
1 0.744167585859784 0.08620765531849879 0.0456081154396587 0.038227425705962895
1 0.6947188694126205 0.337670866917839 0.028699017315655814 0.030142141066226813
1 0.7342521392547272 0.40573890531849877 0.03951921067796352 0.020948997492717503
1 0.8030834754737591 0.3796250347062431 0.02563032178907463 0.020721676959604095
1 0.39131076984576807 0.3629389545397112 0.03406062770534232 0.023983069279472247