1 0.6666483842295976 0.05001276590011148 0.035382666269434294 0.03387301923729369
1 0.6890775768409368 0.10819372090520056 0.04366028263568539 0.01711746462373594
1 0.6357130941952861 0.29009371666621053 0.029738827945782607 0.028733336159326654
1 0.6487340844132657 0.3169778451306197 0.013676726947718938 0.027314286925425677
1 0.3446500247280619 0.3856381323797224 0.03528767664730337 0.010907940006785452
1 0.3260564878096717 0.25493971698988743 0.012778100600831295 0.03427936615593399
1 0.3172054550871351 0.05338098467801945 0.037954343313969956 0.010977781545768934
1 0.007707579820179736 0.6917571477017029 0.015415159640359472 0.03148889077288459
1 0.025174305774817714 0.22903016270000653 0.02415709062019463 0.024593653081359662
0 0.4060215634339979 0.6661984577797354 0.05625208024232567 0.04839683077966993
0 0.4067741279109038 0.5680587747017685 0.07317991896320958 0.020885721552554515
0 0.4707084494760547 0.431007986635676 0.030732443914801177 0.044733336159326655
0 0.4473569325189378 0.28015242778312827 0.045399110581467846 0.04511746462373594
0 0.5021167506826999 0.28008417933228985 0.05067034291673766 0.044257147701702935