1 0.6300857252256681 0.14163905092190696 0.029651950041030432 0.02245841842522259
1 0.6494991269715236 0.23761251887648768 0.017426140714754183 0.047287403269088375
1 0.6313089600237959 0.3614256727148245 0.0134668875923187 0.048465552451816316
1 0.6884634400356938 0.5321097333393616 0.026529709408337338 0.018342030312268436
1 0.6805279187941032 0.8607447379949705 0.031181659449367998 0.03983054779620731
0 0.5436307035737719 0.254147407533285 0.05471136885770511 0.058056189995521736
0 0.5463675058119941 0.6051703725654076 0.03078945961349018 0.1250474930165865
0 0.5241900778331654 0.6802198696429494 0.030648547041686697 0.08775295572090454
0 0.5705406577630022 0.8078687012431319 0.08058572522566829 0.12032062823248756
0 0.5586153455194433 0.9405812979740436 0.022178256450024036 0.1047371247153757
0 0.5815 0.982 0.039 0.03333333333333333
0 0.5155 0.9853333333333333 0.035 0.02666666666666667
1 0.49675289964918395 0.6485251079785218 0.026344646959625607 0.04496990094128387