1 0.6832301215551856 0.029408597368591832 0.055956181439005374 0.05767581860160006
1 0.6724807737970918 0.13695916644657702 0.016002757187553014 0.05776780482263704
1 0.3905999703560143 0.08510606427721437 0.0463287874273874 0.06803214849019264
0 0.473814779159729 0.9342659253516439 0.09079178772531168 0.02545969766933346
0 0.5007915653954192 0.6910251356455401 0.054306878146890086 0.09624938423484461
0 0.5050312629970769 0.7841257163953179 0.08693427215850819 0.0866068289358224
0 0.549032863920746 0.03380710905884415 0.04793427215850807 0.0676142181176883
1 0.17454504893484288 0.5080260170220738 0.03369863622821623 0.02102411136764446
1 0.13049579010870604 0.3249265510846813 0.01576987844481448 0.05110113815597045
1 0.13042302107840298 0.8703369112063406 0.045443848204980215 0.04269881515685938
1 0.15874651646057644 0.1881972596562072 0.018676726947718977 0.04852757252272598