1 0.34329021956416944 0.011994419737123655 0.025419560871661133 0.008581835497607253
1 0.34439993391510426 0.5540143189576335 0.033678243486644305 0.03274474943693728
1 0.3169703266191258 0.7429403674426418 0.028957950734418317 0.037961715670749074
1 0.3280302070067519 0.9234174725506797 0.033678243486644305 0.03274474943693713
1 0.332 0.9846666666666667 0.032 0.028
1 0.1055 0.9786666666666667 0.031 0.04
1 0.15730259544887693 0.7806081371410495 0.02967824348664425 0.03265165575732014
1 0.13873928860446538 0.6286580581802524 0.04074817029858775 0.034240996709600645
1 0.1749170661990316 0.40656159030124084 0.027888023922474758 0.03660510891751164
1 0.2082835995966375 0.1617053620759455 0.032608316674700745 0.03138814268369966
1 0.620367465181762 0.15060407098994205 0.03025868261498317 0.024674929177224424
1 0.6111124419696032 0.24116600726703943 0.03297897536720916 0.019411416103603946
1 0.6127742520104371 0.6390229925482193 0.0468180971105312 0.03571397056235977