1 0.6556281551854848 0.7322649781375977 0.04180706677218957 0.05700542137783131
1 0.6736771247023838 0.8801772154359078 0.046903743731793845 0.07608296999835033
1 0.6564381489172787 0.8051270533675112 0.056142351411925875 0.07048806723938839
1 0.2616461376345075 0.9085900120601487 0.016170569279472156 0.026091828735063417
1 0.20703125 0.9916666666666667 0.0203125 0.0125
1 0.1806067377927921 0.9840533197643129 0.01598871285298147 0.017758495401730082
1 0.1559296835570147 0.7826339424087306 0.01598871285298147 0.017758495401730082
1 0.15660798198680434 0.6349902329258297 0.011483069279472157 0.025764280114544156
1 0.2403044027447093 0.10935872154304954 0.011710389812585565 0.036180946781211
1 0.1782984962390763 0.05614225614296911 0.011483069279472157 0.025764280114544347
1 0.1552474411453691 0.07221284637370742 0.017596676959604096 0.0199510116085697
0 0.5702385729738889 0.6441320277383421 0.047903954077492726 0.12191630333168367