1 0.6601468559642724 0.4089705310310641 0.05283549498543501 0.0599335073452778
1 0.8352330871596539 0.6224351077794898 0.024073997492717325 0.02989401849027781
1 0.8138605408414353 0.5386662342991658 0.022466033386094608 0.027762195035370495
1 0.8463427687381115 0.3792176281696287 0.02237510517284953 0.02359552836870383
1 0.803000631037097 0.11267305775407319 0.022420569279472245 0.025678861702037044
1 0.36559757092882483 0.20234044858305514 0.05140938730530316 0.0661350172237037
1 0.4200313551728495 0.016758421226759038 0.04631271034569906 0.033516842453518075
1 0.3627897858268703 0.6110374578281941 0.049755959092057725 0.06191986043546294
1 0.6152090583259054 0.9649070871351846 0.0568864974927175 0.030912311043333317
1 0.18098219319043313 0.4478153316876387 0.04654003087881238 0.05765621352564819
1 0.18452106716790112 0.251739547746435 0.05324467194503919 0.0786835073452778
1 0.17866220909205774 0.05491303786800906 0.05283549498543505 0.05993350734527783
1 0.17201139231986803 0.0038982291036573228 0.040897784639736076 0.0077964582073146455