1 0.7739583333333333 0.85328469733013 0.04375 0.044588995901120164
1 0.7802083333333333 0.9262468157921947 0.03125 0.044498092310323756
1 0.778125 0.9830729166666666 0.03958333333333333 0.028645833333333332
1 0.7760416666666666 0.6671019312619294 0.035416666666666666 0.04713256017392246
1 0.7895833333333333 0.5005337434852919 0.041666666666666664 0.05238634530265399
1 0.6125 0.3664334426156794 0.058333333333333334 0.057715883423715475
1 0.596875 0.7348093964605175 0.04791666666666667 0.04982763043138524
1 0.32083333333333336 0.534885275497102 0.04583333333333333 0.049812479832919365
1 0.36875 0.5912233225951539 0.05416666666666667 0.0524772488934501
1 0.38333333333333336 0.027527293451082766 0.05 0.049842781029851374
1 0.190625 0.24096961309297504 0.01875 0.026178022052860978
1 0.165625 0.41266280591138266 0.027083333333333334 0.031446957780058384
1 0.18229166666666666 0.44273192736577754 0.014583333333333334 0.02875188752259561
1 0.11770833333333333 0.5451268421466641 0.01875 0.04180302205286098
1 0.153125 0.6951239856539199 0.022916666666666665 0.028812489916459683
1 0.16458333333333333 0.7915614806121497 0.016666666666666666 0.039183704787728146