1 0.6594680788644898 0.38146443516139183 0.029524190307229674 0.013350269753680854
1 0.6138229370211108 0.31144327876592415 0.039572570921689476 0.03776931898758191
1 0.6241292136115227 0.9602813772337261 0.012990137246989662 0.023225398978534637
1 0.37749086944583216 0.6130369742371844 0.009980274493979436 0.04570582154124531
1 0.36010922248195554 0.3412930598801239 0.0266308142891595 0.03849735898305819
1 0.35065806967171115 0.29697560090837466 0.01615500459638929 0.0499851876971793
1 0.3251437421174916 0.26342639886544394 0.02945608418674965 0.03463704206102527
1 0.35937718216266734 0.1983703075705177 0.020582433674699814 0.014264553853113284
1 0.2021862582048544 0.4421692794236747 0.0167473010240995 0.04069841538983504
1 0.2017409699217068 0.2484634578824294 0.020630814289159503 0.038217992827124285
1 0.1954023056204889 0.08041689685644042 0.010747301024099556 0.04041904923390098
1 0.19772804209337477 0.00907299945534011 0.028873650512049723 0.01814599891068022
1 0.22480394371393264 0.9828825071163304 0.019640677042169843 0.015551326160457696
0 0.5146548036446402 0.7709840408586148 0.061397840819279736 0.034793661559339856
0 0.5241973197320029 0.9435575854733034 0.040853925006029156 0.06710265232091539
0 0.5094671457138982 0.5260612885490086 0.053873650512049835 0.022467734377416795