1 0.488350853502433 0.7869587698004845 0.04055856207770296 0.042976950923251024
1 0.5126200119431013 0.9601214467926964 0.03652365194784647 0.04027925583092595
1 0.5020994096085853 0.3474741728920662 0.025366556363492464 0.028193927660365263
1 0.5095844851932029 0.30807878270741607 0.025593472207559444 0.04552726099369852
1 0.6242404451937302 0.204512291696655 0.021593472207559444 0.045496232568040036
1 0.7165247875316733 0.14912421413342988 0.025523651947846473 0.040193927660365183
1 0.6892156576620568 0.049325898900209664 0.025558562077702844 0.042860594327031855
1 0.760599150126693 0.6128294440896748 0.03731419116870802 0.024287012937340476
1 0.6971613784377685 0.7326669893399576 0.029401466493348835 0.030891622752690334
1 0.7293395953204231 0.8224265190411049 0.029453831688133505 0.03489162275269033
1 0.248732334281308 0.8561576872265307 0.04768074753220049 0.05236458400148634
1 0.21107663376267313 0.6917663978375828 0.028453831688133674 0.03488386564627581
1 0.2611143340239677 0.3886808474245272 0.02241892155827725 0.03217065634112138
1 0.24903465064796404 0.26809563037521394 0.027366556363492577 0.02820944187319439
1 0.18663431973844177 0.3525882066325415 0.028436376623205434 0.033550532312942326
1 0.18816329246727223 0.049212209213927834 0.0536632924672723 0.05107779330664084