1 0.39556704224567085 0.9189354622851486 0.021951409654925945 0.03156514311478773
1 0.4750795796245376 0.9763733094101177 0.014827324505632155 0.014801509335878649
1 0.48815873383158204 0.957841485412663 0.018170845792955602 0.019016659558666524
1 0.4279864223154002 0.8226422649586028 0.024530106436617415 0.02119696000424227
1 0.4521684234006809 0.21205663563545088 0.021077324505632156 0.014898476448121064
1 0.49851354567674006 0.18779600986629896 0.01682686708027923 0.023159084447272587
1 0.3348391757464694 0.08846046939314876 0.021623627723940865 0.025315143114787702
1 0.42761690160915433 0.011838459632905533 0.02710880321830871 0.010828776893696745
1 0.49943727128732346 0.011911914757026148 0.023874542574646895 0.008696960004242226
1 0.5022616225281608 0.08064979386799585 0.026092606436617417 0.021221201782302815
1 0.5355043553513366 0.6400853983131473 0.01838936708027905 0.02318332622533319
1 0.4600898200661566 0.36309830230211754 0.012030106436617416 0.02100302577975744
0 0.47748404174146775 0.7245323938573903 0.08613387797604233 0.12415299734775687
1 0.19126231847667283 0.7742143315828471 0.03576253737886685 0.056759077339272324