1 0.45170013028571576 0.7353537819325532 0.023499233559247046 0.05395795073441817
0 0.6003461413894443 0.8185945007060659 0.01581964811812486 0.0598787314070208
0 0.5890130635363618 0.8022401427399418 0.012691482294573689 0.056932357492580195
0 0.5839192384909575 0.6440070533667968 0.017627399382798104 0.05606520290553696
0 0.5803768330631239 0.4762541591618023 0.03017881900036923 0.04794393431255776
0 0.6147419523720942 0.4911307615616588 0.03873023861794036 0.039449722722546536
0 0.5748566884606878 0.5390466630304954 0.02273023861794036 0.03795795073441817
0 0.5896406460184579 0.4077553789627438 0.03770491202953122 0.018116389389213207
0 0.5792308219593953 0.3792611673727326 0.014730238617940358 0.037212064740354135
0 0.5565460545323004 0.3043659799419682 0.01705065317681806 0.044065202905536886
0 0.561579628869694 0.20010028911605468 0.015499233559246931 0.053212064740354136