1 0.31016413515055724 0.5513335774657303 0.011582433674699815 0.014273216039374953
1 0.3141063583583831 0.6207354702891584 0.038572570921689586 0.03916142364759465
1 0.6008294690752527 0.5683412418732597 0.020524190307229902 0.013708877647348345
1 0.7534093042499267 0.8727815021257508 0.017407703572289848 0.010785879333579336
0 0.4496995879366849 0.7552691056596513 0.034106623981929714 0.028152981451458194
0 0.4570683070722295 0.7234231090321135 0.0366308142891595 0.04032386921619309
0 0.4766014269818779 0.5955602280123029 0.02051432755421956 0.036290100431647716
0 0.4653236045481559 0.43180760650276684 0.030931893879519747 0.02389664980435585
0 0.4642214453674355 0.40002121620868547 0.03158243367469982 0.0159820936867233
0 0.4906000272559904 0.38913300860046585 0.019271491331329344 0.053452546000246154
0 0.4936331471656388 0.26267995163971775 0.01992203112650941 0.0455379898826136
0 0.4885601096686534 0.23056867020843924 0.035815407144579696 0.02165720254952642
0 0.4759964683493824 0.15326910565965135 0.04604838061445969 0.027844974706533927
0 0.4795641078945669 0.10580760650276687 0.02099013724698966 0.024375544314015087
0 0.5043454619789064 0.07446634193379915 0.011990137246989661 0.023606549372708285
0 0.519563641319271 0.03397951618850564 0.03669892040963987 0.019075979765227145
0 0.5169906038222856 0.012468141643409984 0.03192203112650941 0.024936283286819967
0 0.4821263494879503 0.00013429734957468752 0.03774730102409944 0.00026859469914937504