1 0.5283972597776124 0.1809735065485036 0.04130390008206109 0.04483983347010189
1 0.5011001656942391 0.014906670009302741 0.037222406326932286 0.029813340018605482
1 0.5223233559350857 0.6213662586985116 0.025855684428852554 0.029358229252147035
1 0.5155253888232358 0.661134225392532 0.026385393837189894 0.04669156258548037
1 0.40266289839569547 0.7701030757891608 0.022385393837189894 0.04647424590513674
1 0.31133352037583634 0.8298223552738144 0.026222406326932287 0.04135822925214688
1 0.34038953619316703 0.9284097968515814 0.026303900082061092 0.044024895918813554
1 0.25915360698342144 0.36788686373707785 0.03773344379615935 0.02601017929317762
1 0.32050676144140666 0.24502213434816228 0.02993717818398136 0.03224221259915718
1 0.28675634720580895 0.1567063386208246 0.03005941881667468 0.03624221259915722
1 0.7668395424606097 0.10057400780951593 0.04858912822501179 0.05455347099403639
1 0.8073717818398144 0.26331198893813385 0.02905941881667468 0.03618788342907131
1 0.7626213230469356 0.5689124307894381 0.022977925061545647 0.033195241741889425
1 0.7768089154665146 0.6890086411702029 0.027855684428852782 0.029466887592318622
1 0.8377418621799569 0.6015587388697495 0.029018671939110164 0.03485455009573798
1 0.8415117768258603 0.9051908826385552 0.0545483813474475 0.05354611268121819