1 0.43333333333333335 0.9224221578142675 0.029166666666666667 0.031462108378524554
1 0.43333333333333335 0.8573179911476009 0.029166666666666667 0.02625377504519122
1 0.4666666666666667 0.9408937340563907 0.020833333333333332 0.04702650598466018
1 0.5104166666666666 0.908659813290844 0.029166666666666667 0.02364960837852455
1 0.5520833333333334 0.9363065752601646 0.029166666666666667 0.04187877504519122
1 0.5958333333333333 0.8376664044946178 0.016666666666666666 0.04178787145439481
1 0.5520833333333334 0.5678169919268311 0.020833333333333332 0.03921400598466018
1 0.4895833333333333 0.5790812239728503 0.016666666666666666 0.03657953812106148
1 0.4822916666666667 0.6962156968782192 0.022916666666666665 0.03662498991645968
1 0.49166666666666664 0.7288359579046496 0.025 0.02882764051492555
1 0.44895833333333335 0.759775370636096 0.01875 0.03399052205286098
1 0.434375 0.7635755664468338 0.01875 0.026178022052860683
1 0.7510416666666667 0.20728470741367033 0.03125 0.03928975897699042
1 0.5729166666666666 0.056249747911491454 0.025 0.0366401405149257
1 0.49270833333333336 0.011395616537215986 0.022916666666666665 0.015791656583126326
1 0.478125 0.02691456234795378 0.022916666666666665 0.026208323249792987
0 0.4864583333333333 0.26004808140848457 0.08958333333333333 0.1178389757340393