1 0.37713487552445357 0.3097122898822506 0.04370337842423862 0.05448179911476008
1 0.3539439840279604 0.1629524344305924 0.04945647095570589 0.07326816055107853
1 0.3737721545687477 0.2367895629761975 0.058476273445216796 0.06709088342371554
1 0.7639692568484773 0.10245490112851387 0.017045790041956367 0.025121204787728234
1 0.8148320946060597 0.009378976715997914 0.020052390871793335 0.01875795343199583
1 0.8421641892121194 0.02056251575355422 0.016572193361304242 0.016787871454394903
1 0.8738430095477696 0.22040494952950748 0.016572193361304242 0.01678787145439493
1 0.8783431006293444 0.36835191739310624 0.012358290041956366 0.02508484335140982
1 0.813281588605997 0.9013829332649153 0.012950285892771519 0.035501510018076485
1 0.877001469104828 0.9498685679261084 0.012358290041956366 0.02508484335140982
1 0.8994325761584424 0.9319784274111826 0.018253092531467275 0.01888332526650108
0 0.46540539274589304 0.39135551093457116 0.05206125269929238 0.11910149388441187