1 0.5750367489147192 0.5523621322959986 0.03263753737886681 0.05948115919340822
1 0.715809214385844 0.5548500052182774 0.0461537341605581 0.05059504161835591
1 0.8619740202020427 0.525322603594749 0.03441855866619044 0.06381788687025428
1 0.916115216983734 0.508953801571804 0.03710651609154354 0.05582467555727959
1 0.9736381398802119 0.5121215747002565 0.045028276735205 0.058758313941509974
1 0.7750306671196201 0.7851648415795628 0.034090776735205 0.05756788687025439
1 0.9182614970731338 0.8345277145018415 0.038559755447881726 0.053911403234125764
1 0.6308654038780682 0.822855515526245 0.03507412252816078 0.07631788687025438
1 0.4626563532576496 0.806592013110349 0.03543475544788173 0.05357128121376699
1 0.2823297148900471 0.7989806654425547 0.03430929802252862 0.061734553536921054
1 0.4816520077167956 0.8841431001803116 0.027185212873234832 0.04438764282953685
1 0.11153162378866846 0.5535717969655826 0.029184755447881638 0.052891037173049445
1 0.14151940856964526 0.6309741236309561 0.03979447351689647 0.04783146424430527
1 0.0768177702020427 0.6107782612098877 0.032200494804219916 0.05114782586007489
1 0.061542695444309015 0.4992986272709639 0.032856058666190305 0.06364782586007488
1 0.6280260830556068 0.1694542953226574 0.03173060124083733 0.07181109818322882