1 0.5889642137682092 0.40771151303157127 0.024401466493349063 0.03159777157029915
1 0.6172023877942859 0.4288172001046349 0.027401466493349062 0.031714159683253154
1 0.6991601451976845 0.5880760672673486 0.029436376623205432 0.03445841842522259
1 0.728089189354145 0.709259346415715 0.026506196882918175 0.03967536364560207
1 0.8080604761072068 0.6763436314089977 0.02540146649334906 0.03163656760795038
1 0.9336063849371808 0.4484294793546219 0.028523651947846475 0.04108628905423787
1 0.26530458753430947 0.36914159683253245 0.0324887418179901 0.03857480653817674
1 0.14243803117081688 0.3923890822202415 0.03545383168813362 0.03602452798446408
1 0.07332963454787508 0.474417618326616 0.031401466493349 0.03186934383385869
1 0.2366502820813937 0.6855244272434076 0.021418921558277248 0.03281471679067848
1 0.3021390238993838 0.6507128363574123 0.021453831688133734 0.035481383457345146
1 0.3880655374062984 0.7360880916330801 0.017576017142631146 0.04465953264007294
1 0.22538034519504827 0.05610123784253946 0.032785477921769765 0.061241473204843355
1 0.5695399714289481 0.09546647281343111 0.019384011428420764 0.03007045804870908
1 0.6552145220782302 0.0854502006992886 0.018453831688133505 0.03536499534439107