1 0.6830330936709125 0.47792567842395856 0.04407963978475227 0.05711460425133765
1 0.6289962570293133 0.4034893102649162 0.05003854135632899 0.049218002412029685
1 0.4249828833746115 0.05151815015697017 0.04059076674922295 0.04647957183765839
1 0.3736837107105857 0.23393671717056908 0.037538541356328815 0.04834453942397907
1 0.3845507059530748 0.6565804266534698 0.042080492142117086 0.04450542137783155
1 0.451900871792675 0.6436215483176623 0.02765411910658777 0.03310610884960757
1 0.360289222288013 0.8990792529765036 0.04200771753501122 0.042422088044498214
1 0.18892137468815912 0.47768970752245016 0.050111315963434724 0.05130133574536302
1 0.19223681162020853 0.28256606286690794 0.04258991439185813 0.05908875471116464
1 0.1859953120344933 0.08157898763699446 0.05003854135632886 0.04921800241202975
1 0.17610873573197636 0.02165807326946278 0.04909247146395272 0.022134669078696413