1 0.1010557547979248 0.7963762822384528 0.05967452386808881 0.059477655891565215
1 0.48938259130672507 0.6053719339590781 0.06144968257872597 0.04099729221908956
1 0.7990364889883542 0.900141041561303 0.0663114230349629 0.13026852455435922
1 0.7278288750086811 0.32339399145950365 0.05241205787751096 0.0550429489051196
1 0.6034807341904296 0.09789621500583383 0.041712148569303734 0.04375527225781627
1 0.5974299633101923 0.1878176696957365 0.04251178580213309 0.08629773692835564
0 0.5531985489313184 0.20432540761717308 0.03179873031490342 0.15069955529073392
0 0.44369854893131827 0.19752534832920177 0.12764913842797024 0.10884755409903679
0 0.30872960054302195 0.21238189542684482 0.06838667243739247 0.10118359521328057
0 0.19036695316885896 0.22229415949157022 0.07998685382097767 0.08065757485477487
0 0.07260448717828119 0.21099729221908956 0.051261559072651695 0.11339911058146791
1 0.14979306414331842 0.08964026088686626 0.04388712589635548 0.04654614092061024
1 0.03013689916687397 0.07225024211729013 0.03657479594346663 0.02617353493222828