1 0.16149207694917478 0.06463259337217801 0.03730370872769193 0.030362193915199953
1 0.1501693359435421 0.12305122433920021 0.03573757026441361 0.02527470525167402
1 0.15838098467801945 0.17015752535333353 0.0319703753943586 0.030012239261096283
1 0.17646566677975734 0.31441387171336316 0.0359703753943586 0.03027470525167405
1 0.17082971503742925 0.4662450140168595 0.03721058667571393 0.028362193915199896
1 0.15438747007033482 0.9317384409273483 0.03578413129040261 0.02627470525167405
1 0.21302451213136006 0.9559764283957336 0.035504765134468624 0.02027470525167405
1 0.2247112731347309 0.8910140530969484 0.030637042061025264 0.029924750597570438
1 0.4328571590056764 0.061872394676415435 0.03721058667571393 0.028362193915199937
1 0.4689524051751813 0.10464143375650437 0.03835767590509128 0.024449682578725856
1 0.40392174677071013 0.2734095659186672 0.026637042061025264 0.029662284606992557
1 0.4351365816814778 0.3837035369799117 0.04130370872769193 0.030624659905777663
1 0.43062656277305933 0.574078423615171 0.033257147701702856 0.02909972792462213
1 0.4039218315505112 0.7473531288668449 0.04364444821243554 0.02379963723282958
1 0.746112323889521 0.8151747526630232 0.03983069231639153 0.027537171242251815
1 0.7800995509244261 0.3961752061219863 0.03187725334238045 0.028012239261096285
1 0.7403683247526593 0.3471248887007122 0.04811005847232567 0.03406210322340735
1 0.7333079569627458 0.06623118971484548 0.03578413129040261 0.02627470525167402