1 0.5830905042888418 0.565064975329148 0.033378427992499834 0.05878661525778265
1 0.7240962131012953 0.5708245157376622 0.04675742280870363 0.04957150318690798
1 0.8700826563623603 0.5447332788482806 0.035214330066018464 0.06308678799064846
1 0.924086651178564 0.5296438998646457 0.037792525918981565 0.055020466789713396
1 0.978125 0.534375 0.040625 0.06041666666666667
1 0.7864184302550914 0.8022360004183561 0.0348042269557407 0.05683678799064846
1 0.9304999123946283 0.8548705408268703 0.03921832488222208 0.0530706395225792
1 0.6425412911410635 0.8365270645748718 0.03603453628657398 0.07558678799064845
1 0.4738794740345359 0.8163704606250755 0.036093324882222076 0.05280362739018093
1 0.2931961105566655 0.8045735718715384 0.03507762902925915 0.061003454657315125
1 0.4939178634313876 0.8942688196628507 0.02773402073518518 0.043802763725852144
1 0.11894052992499918 0.5554909315245475 0.029843324882222168 0.05226960312538462
1 0.14998476984023057 0.6334964147655957 0.04037072177194441 0.046954145588778334
1 0.08492640636236022 0.6118200771133258 0.0328316238454629 0.050453281924449554
1 0.06816955037736039 0.5001211135105204 0.03365183006601842 0.06295328192444943
1 0.6311405676721756 0.18385694325088997 0.032636134213055355 0.0711531091915837