1 0.31395394546769956 0.3443945193124145 0.049666155706164776 0.03615628320142226
1 0.6202444347936508 0.03799935205931782 0.03566615570616477 0.03572181171211855
1 0.627048536953857 0.2288361465477326 0.030114736088593646 0.04486894297860742
1 0.5978720172757467 0.43077463659831045 0.03673023861794036 0.03708617872325931
1 0.3294988333170896 0.779261790072444 0.03002532658840903 0.0222333099897481
1 0.7352946877283114 0.8332356825158806 0.032666155706164775 0.03562871067869613
1 0.7626820678626789 0.5854213271765325 0.02985840444149153 0.039535609645274236
1 0.8209190213480978 0.5683035573692731 0.018153492411960088 0.02452757252272598
1 0.7496596239379837 0.3681506186050066 0.020025326588408915 0.02192297321167401
1 0.8022363701439638 0.35453686735902135 0.038794321529715944 0.03848157941220749
1 0.7900544853805829 0.19249087424850278 0.030666155706164773 0.03556664332308151
1 0.8466348806910298 0.005058956354310645 0.028730238617940357 0.01011791270862129