1 0.6283419267305372 0.3722291518684152 0.04275406603337366 0.05795436898027357
1 0.7392761047042699 0.3627079857059516 0.05706222749876275 0.06551549670421437
1 0.6829884831529723 0.37836964857262945 0.05286605042954129 0.07757845412956736
1 0.9425615569882619 0.3576153235115445 0.07482293758467122 0.08170131947791977
1 0.9058959594085397 0.6720239368758686 0.04431656603337366 0.05810004983848908
1 0.7605857021724505 0.9177558759735486 0.01956887155129756 0.02258150363192115
1 0.82890625 0.9916666666666667 0.0203125 0.0125
1 0.16116223428462612 0.8670956001811815 0.027135710085908295 0.017059907922999194
1 0.12124988523456579 0.9449221000131137 0.01932321008590825 0.016331503631920916
1 0.13330282790761952 0.9774103873079466 0.014963258706427274 0.02422779439060747
0 0.5622422139310955 0.47793309130223044 0.09143722749876275 0.0687204755849585