1 0.5984023389894084 0.5813460079708549 0.020110538766408125 0.02579880173141919
1 0.5800565114793987 0.546443232905751 0.021127992255841038 0.029822075151323436
1 0.566728137458822 0.5074240907411256 0.02213381008565193 0.031178681904561016
1 0.5611754436267811 0.6342071245073138 0.022122174426030143 0.02851201523789435
1 0.5845549360194618 0.08838504935599029 0.0260523604682985 0.012605108917511529
1 0.5537957092291322 0.263083251953119 0.016127992255841037 0.029705708051801973
1 0.526523513324212 0.8989867840741075 0.03307563178754253 0.01810135619017486
1 0.5172882245806104 0.8385412148965316 0.028058178298109398 0.01398498909065347
1 0.3168082536212066 0.9531958988773895 0.022145445745273946 0.03384534857122768
1 0.33960596303279195 0.5407071570593994 0.026157081404895734 0.036605108917511495
1 0.2929288525872999 0.46780100779490114 0.03009308527697533 0.022031535930461966
1 0.6970830250772901 0.42306521282023457 0.022157081404895963 0.03651201523789435
1 0.6946431121990788 0.7530884862401388 0.022162899234706854 0.037845348571227684
1 0.6926136896862818 0.8744567297033284 0.035058178298109394 0.014147903029983354
0 0.8118354339465825 0.5917104661546223 0.06716289923470685 0.03889265246692079