1 0.7882344120928299 0.4967067423003403 0.02981861125370415 0.03330370872769193
1 0.7852293145360802 0.6820019828178584 0.02874283578479981 0.031923814368369524
1 0.799807451900357 0.8591257915342412 0.02759128484699113 0.029210586675713784
1 0.8100204498766693 0.9241564781986461 0.028591284846991128 0.02925714770170301
1 0.5818235517522867 0.9401290059704652 0.023894386722608487 0.03435767590509143
1 0.38741483659927767 0.9772549670643087 0.028681979220139056 0.013303708727691932
1 0.6239646908687583 0.7289480439003928 0.021667060315895468 0.030264553853113284
1 0.632008857107646 0.6323194700495413 0.03021240750246943 0.022683603087014188
1 0.6458653560958022 0.66442740440434 0.024894386722608488 0.03440423693108035
1 0.591053613820377 0.5820887890371232 0.030818611253704147 0.033350269753680856
1 0.6027022123889704 0.36363799108005396 0.02466706031589547 0.030404236931080353
1 0.6213353015794769 0.1181247577354115 0.02151550937808679 0.027597887186446617
1 0.36098508109575633 0.008565048144581193 0.025818611253704035 0.017130096289162386
1 0.34466668654989036 0.5514496793784385 0.024591284846991017 0.02907090359774702