1 0.1716684795370787 0.3071890533834914 0.02509559484924897 0.028356673257221132
1 0.12323123741298647 0.40698037485382665 0.012085411818710857 0.019344225297814432
1 0.13614582559427565 0.4264943788081594 0.01546550333397989 0.02368067062099944
1 0.24126363135384987 0.36113640714754364 0.017538186364518003 0.032098893282591946
1 0.029258354682010757 0.5335614617995713 0.019100686364518026 0.032183782610851114
1 0.6952657340790066 0.46105142499161555 0.012595594849248926 0.027677558631147646
1 0.7101255884711533 0.5256117635973925 0.018462957576345397 0.02176711594418445
1 0.8636647898385806 0.399131471125497 0.019100686364517828 0.032183782610851114
1 0.7957277328710586 0.3181007840281114 0.020408094849248926 0.02810200527244362
1 0.8626287061992194 0.5056785837744042 0.023022911818711123 0.01993845059562863
1 0.8503836687765347 0.449621357158479 0.014540732122152632 0.03401244795940682
1 0.846860313925346 0.5455820244842011 0.01584814060688373 0.029930670620999442
1 0.789829063925346 0.5424835640027407 0.01766573212215263 0.03418222661592528
1 0.3699789495312597 0.5248991126984819 0.018590503333979845 0.023850449277517782
1 0.5819844840790066 0.45489694869282443 0.016517820303441687 0.015432226615925278
0 0.3110182798366411 0.4380853169065218 0.09869233363936125 0.11125847036729214
1 0.2939892449990302 0.05046152770511625 0.04486596091032524 0.0460420118629981