1 0.18010858284924958 0.40468430721320653 0.02635845933264266 0.038278438566770344
1 0.23219191618258292 0.4008924213102129 0.022191792665975995 0.037975087694530764
1 0.16707777446750788 0.44741270193271143 0.038470328094744724 0.028771824516822104
1 0.19515713013313854 0.5002042589812146 0.020108459332642662 0.03782341225841105
1 0.17522278632262808 0.5538801843938053 0.034691792665975996 0.038885140311249344
1 0.2564271419882587 0.6028040178212549 0.03410959580912915 0.023260140311249344
1 0.4700144529892948 0.5324181101828609 0.03222032809474484 0.028316798208462817
1 0.4577284687050605 0.45497564964539977 0.029942929142462542 0.022956789439009768
1 0.3636388538718998 0.45268646093745507 0.030234027570885877 0.030769289439009768
1 0.33803383484786825 0.4663011538889519 0.02408106038036036 0.032918429797317295
1 0.31104466225364147 0.4147358424557222 0.027956628618603575 0.025409280669556722
1 0.3072404325873201 0.3967341889432352 0.02170662861860369 0.02495425436119743
1 0.7688644196274406 0.7600331412288824 0.03270549214211703 0.04133763154179645
1 0.8803597810840394 0.5286555536519969 0.03033106038036048 0.03337345610567658
1 0.9401000901547527 0.5621690581073108 0.017734027570885994 0.02985923682229134
1 0.9182421681812016 0.424059544929602 0.021803661428078176 0.0275584210278641
1 0.8988614549196174 0.40849754052134646 0.02190069423755266 0.030162587694530767
0 0.712791252824182 0.4324891587207305 0.09792241080740259 0.11880456129205541