1 0.34266685446139034 0.8797693874208109 0.02974521197676404 0.021558289419357002
1 0.32949702048255436 0.7845640463433186 0.017630151199171225 0.04679078036930029
1 0.3558518529717689 0.6597267233355305 0.013676726947718976 0.048093085276975214
1 0.3097436851630591 0.49146342620242345 0.02660548473112067 0.017535018100113122
1 0.33924789505435304 0.16199046495362723 0.031350696707884707 0.03889937985910486
0 0.43671894458504446 0.7630712478434961 0.05495618143900549 0.0564111266399741
0 0.4569916543273763 0.411675857658846 0.03133154461494064 0.12420944187319431
0 0.484146471994598 0.3354858085516882 0.031027423655603684 0.08688386564627566
0 0.4460478802323602 0.20981548557430899 0.08109866587220199 0.11793063052725809
0 0.46670545508713507 0.07635803853834194 0.022632908386724354 0.10414738502187754
0 0.4480219092804973 0.026328343567652165 0.03795618143900538 0.05265668713530433
0 0.5146849244004144 0.021397935282888858 0.034630151199171226 0.042795870565777716
1 0.5095752297779997 0.3659469118983678 0.02653699970207572 0.04419392766036526