1 0.8157250254123619 0.5137376785783792 0.011263153204496576 0.042343672918724526
1 0.8321485915989679 0.22097992388933574 0.028018671939110392 0.0360612502138894
1 0.8221358526300687 0.17347514774586886 0.015303900082061318 0.04408114208621426
1 0.8109397527121299 0.13207140556094116 0.029814937551288268 0.029596651464300974
1 0.643320042050304 0.012335799934150255 0.012100165694238968 0.02467159986830051
1 0.6584414542118018 0.18004471694628357 0.02101867193911039 0.035354012504115566
1 0.637207181944447 0.38556022632437026 0.015100165694239194 0.03741447541954767
1 0.3442131149146583 0.3334157610726784 0.014140912571803483 0.038646774794341886
1 0.33730739219596717 0.7714257070088409 0.014651950041030658 0.022747808752881005
1 0.3611664796241637 0.8062331913786963 0.009303900082061091 0.04347493833497962
1 0.3223422061033204 0.8533552981572464 0.013529709408337339 0.018646774794341885
0 0.46873689135278435 0.3853016319841472 0.044448215653208535 0.019112160842387614
0 0.4559533647095054 0.42846352250734693 0.021037343878220555 0.06858631187890993
0 0.48519527144674346 0.1729579590654227 0.06065195004103054 0.02739537084568019