1 0.7158809846780195 0.3694380051236688 0.025907940006785337 0.03641359264276798
1 0.6661762181305542 0.3200489687300322 0.03280317769831027 0.03290273191607639
1 0.6387524108271679 0.34009241163679865 0.021257147701702932 0.0493975407808811
1 0.5847413016000526 0.3549507796755643 0.015628573850851354 0.02504815558566088
1 0.5971667019915837 0.39108769895790435 0.02508254385424425 0.04301038227039074
1 0.4268635242932736 0.34857687417327027 0.02387301923729365 0.03494050523134653
1 0.22864129736106242 0.2881444308149248 0.0219428607762772 0.03746741781992516
1 0.13725561819840856 0.6291217883909973 0.02508254385424419 0.04301038227039074
1 0.5698159435984217 0.7378705203661297 0.02387301923729365 0.03494050523134653
1 0.6187968901255306 0.6833993108378543 0.023187306162719325 0.04687062819230262
1 0.8864762308475244 0.4612122862025922 0.02897778154576895 0.03928989042656698
1 0.9299286077627719 0.42432181444005257 0.030047623084752333 0.04202643413227755
1 0.9157921320560455 0.7420829143948946 0.01908254385424425 0.04259112003612639
1 0.9558794339797748 0.7482113292899901 0.022768256928818575 0.030870628192302622