1 0.5318492924747186 0.8889356847262793 0.016257147701702935 0.049048155585660724
1 0.6710238963221773 0.9053152598200697 0.029419049233900978 0.018026434132277547
1 0.8011699305577746 0.9390310030429414 0.02501270231526064 0.04034371560372407
1 0.4156302517187977 0.9486901941190808 0.033698415389834965 0.02897260895512045
1 0.31679215325099574 0.9098422442927634 0.037628573850851464 0.026585450444630017
1 0.23280485556625644 0.9425693626406856 0.022257147701702933 0.04946741781992508
1 0.13019850016963602 0.8741784483639026 0.043488890772884474 0.021671379345561036
1 0.22942387088823696 0.6229187478359057 0.057234929247471825 0.0891765704807564
1 0.2284159054475112 0.3367062819230254 0.05097778154576895 0.04082718528553611
0 0.17222067623396659 0.4206184751389482 0.08267619693560391 0.06966004016256845
0 0.8412508389339731 0.5066296705537102 0.027898423867815155 0.11241359264276798