0 0.14279804765840032 0.4998414871738072 0.010698257750666698 0.040310336778074086
0 0.3537049466249781 0.48796004782311075 0.03637240413368886 0.02245054573439999
0 0.42042606157935586 0.49856297491558477 0.029302578358622215 0.0182333099897481
0 0.4760303821873114 0.4741584222917032 0.027302578358622213 0.018171242634133403
0 0.4988907306371781 0.46544464770213273 0.011907735075866753 0.05234137045588159
0 0.5489368630992446 0.4378774469728587 0.032977560850933514 0.05699307768983696
0 0.5498096852875781 0.48787744697285873 0.03662843197560005 0.037117212401066656
0 0.6894842497252448 0.4935482489187251 0.025558606200533178 0.03277584194518522
0 0.7242165842541558 0.4771287368621326 0.011442229908755508 0.025674703789214923
0 0.7366002079623781 0.4700741492228732 0.010581881458888802 0.03364367011140742
0 0.9206704517920893 0.4970461360118805 0.021558606200533403 0.032651707233955676