1 0.166 0.4071515905160298 0.01 0.04164367011140742
1 0.1585 0.6989188379324741 0.027 0.0341712426341334
1 0.17 0.7479423918939262 0.014 0.04310113815597045
1 0.1825 0.7909969795331854 0.029 0.02756664332308143
1 0.3545 0.9396681054493929 0.011 0.03634137045588128
1 0.334 0.7630319150543411 0.02 0.03395400688948151
1 0.349 0.5594974202214522 0.014 0.03643447148930378
1 0.6445 0.6506678720135415 0.013 0.037736771144829616
1 0.638 0.21179948644112664 0.014 0.02176780482263704
1 0.613 0.17369031116260808 0.008 0.04291493608912591
1 0.6505 0.13152074074705258 0.013 0.01773677114482962
0 0.518 0.5820754451042376 0.044 0.016032148490192716
0 0.5295 0.5404323323990228 0.019 0.06725630654500735
0 0.508 0.7930984416594968 0.06 0.023195354001777864