1 0.6553413482289431 0.7914452883058909 0.026873019237293648 0.03393844225084467
1 0.6881476909085933 0.7275815546259221 0.02411746462373594 0.043201955324465115
1 0.6706699093628243 0.6898642098641681 0.03669841538983496 0.027504509783221085
1 0.6547667274255241 0.6168717153188414 0.01852381154237628 0.02041892155827721
1 0.6286683162746792 0.631588303024711 0.03183809846780196 0.032721476017033034
1 0.645749245845828 0.4061235916825097 0.025803177698310264 0.03124850216427391
1 0.6738698542559537 0.14427149471249318 0.027733336159326653 0.028628382337415815
1 0.4101571434627128 0.015542102160758946 0.03231428692542568 0.012744749436937283
1 0.36539370818823047 0.5768240003431203 0.025803177698310264 0.03124850216427391
1 0.41065720704756364 0.6451697274422903 0.03476825692881846 0.030124629610079258
1 0.6015 0.9966666666666667 0.031 0.004