1 0.1644083497171486 0.31140121509108665 0.041027877546361766 0.040785504300016026
1 0.1849220555442905 0.4268556547239985 0.03630758479413584 0.045847191782919856
1 0.42793506253331537 0.8395833971497307 0.04921663334940149 0.06383247515728392
1 0.454 0.984 0.05 0.029333333333333333
1 0.6332883559958574 0.7909110291126369 0.03695795073441832 0.039234854286339216
1 0.6725084158020443 0.8827853854805998 0.03602787754636188 0.04051385844958653
1 0.6940998331388567 0.6765510835083909 0.044468463050813624 0.030336154313692836
1 0.6381848634541761 0.21881255006564274 0.043727145665796795 0.0542274959735211
1 0.5501428141885945 0.25125625809124674 0.04400685291357104 0.059560829306854426
1 0.6038809380628647 0.10659750205152844 0.03700685291357104 0.05918052511625327
1 0.41746410480987217 0.40226251177580424 0.030748170298587865 0.034908879265823846
1 0.42515652001573634 0.358805803476663 0.035587292041909906 0.05112619594616748