1 0.5254272690970825 0.7541098922489858 0.010704912029531215 0.015287676647303064
1 0.5783758494795113 0.7480368613139947 0.029371067735695762 0.05101006028105227
1 0.5756715207914354 0.36606607368799116 0.010281658235511259 0.027225575649239695
1 0.825341325602067 0.1589082122252071 0.008089409500184502 0.02310137365311232
0 0.8682639960546317 0.5701228579375195 0.039922487353267117 0.04235983792641931
0 0.6974756229516417 0.5655346377676647 0.021114736088593645 0.04517991896320958
0 0.6743601204222951 0.5560752643131684 0.030242901912144817 0.04840549461244927
0 0.580257281187153 0.5315090028304537 0.027217575323735674 0.026947959282988602
0 0.455071747319305 0.5484751457372258 0.017922487353267003 0.04099361596901872
0 0.43091154003986604 0.5503180551170312 0.011986570265042474 0.041954343313970036
0 0.4260776957460308 0.5152477319629508 0.040089409500184615 0.025088605591149643
0 0.33091748846659186 0.5126814704802359 0.034153492411960085 0.02604933293610096
0 0.30600094954005075 0.5198266626943427 0.016242901912144815 0.04753608063955805
0 0.24597562295164163 0.5374960371419198 0.020883731029900446 0.06111781796514606
0 0.21057174731930503 0.5332914517106598 0.018281658235511315 0.027722383633748904
0 0.1900776957460308 0.5005918964199257 0.017704912029531214 0.015722383633748904
0 0.16144281505500094 0.4807599169770477 0.014306984823920402 0.04874521197676404
0 0.13668648340789866 0.4845717758578212 0.034922487353267 0.042049332936100955
0 0.11184745712809052 0.5318411700680554 0.03624290191214482 0.04877810060083129