1 0.1524710272711695 0.2987248321789332 0.03950619688291829 0.0398769801011556
1 0.16847216285499622 0.4129415105173924 0.0345760171426312 0.04505514504545196
1 0.39571740986592563 0.8067187007108144 0.04680293298669801 0.06276088251247408
1 0.415750924930063 0.9614934278436142 0.04664583740234411 0.05076088251247408
1 0.6034319319441559 0.7402481788879698 0.0354887418179901 0.038419512056592796
1 0.6391101488268105 0.8291775170036141 0.03450619688291817 0.03972181171211863
1 0.6688871586980085 0.6201689224748733 0.04336655636349269 0.029334448145718547
1 0.6309175264925582 0.1651620001647104 0.04168074753220048 0.053272380790103775
1 0.5414062683105483 0.20528836450071047 0.041750567791913454 0.058605714123437035
1 0.6009687561035162 0.055379793315554884 0.034750567791913455 0.05838847837878522
1 0.40248342103700613 0.36833077973822176 0.029436376623205432 0.0342333099897481
1 0.41190740389437497 0.3240204429601477 0.033645837402344114 0.05035744470097779