1 0.6901919655892257 0.6222365845826368 0.033210969462241564 0.035411416103603946
1 0.6249659057054057 0.5141386025918563 0.03249042395352808 0.0433881426836997
1 0.42082058997469196 0.1476817426801847 0.04944384820498021 0.042450457488739254
1 0.4686754224639065 0.27336080311268796 0.03095618143900549 0.05667492917722439
1 0.45200283129751734 0.3109418815544107 0.0261643937136937 0.033915168830940576
1 0.4785303290630852 0.6412909828529751 0.030304120959336957 0.038008262510557715
1 0.44039473759877173 0.7223367726368992 0.02579178772531168 0.02324850216427391
1 0.41079607172656984 0.6044099670960065 0.022884939222407183 0.025845348571227684
1 0.4913591906004367 0.9513375296927837 0.05835069670788471 0.03999325160121104
1 0.18418361991660195 0.19546436536634482 0.03444384820498021 0.04210135619017486
1 0.16050137859377658 0.032378777141400944 0.03053699970207572 0.04467492917722441
1 0.19284402606889414 0.6293130881369668 0.03102466646805044 0.030031535930461966
1 0.16969472277677886 0.6674095560159785 0.024210969462241452 0.03520195532446541