1 0.25950324227864763 0.1133242427719501 0.030145445745273947 0.033566046525771526
1 0.2301028121129182 0.3655608345175956 0.02715708140489579 0.03620944187319431
1 0.24852202922304917 0.5760917518220067 0.018087267447164324 0.020139627915462976
1 0.20108893426587515 0.5917935477100338 0.04116289923470674 0.037651374696332215
1 0.22327834709847336 0.7496267699221199 0.02814544574527389 0.03355053231294247
1 0.1732033820384152 0.9620223823492648 0.028191988383761555 0.04421719897960914
1 0.17312026560235108 0.37000298958322825 0.017098903106786224 0.022798537475715117
1 0.3891038122041447 0.7083390902572949 0.02816871706451775 0.03888386564627581
1 0.40342703512239486 0.8969010359873645 0.03513962791546294 0.03227149872451112
1 0.41072374444275356 0.9648467362424623 0.029162899234706743 0.037558289419357
1 0.4112660447113672 0.5161606768097591 0.03414544574527394 0.03359707495142993
1 0.6856500214788902 0.6020352296521566 0.04814544574527395 0.033705674441234505
1 0.66341339928032 0.2041942503336561 0.03308144961735343 0.01892265117834874