1 0.37415419169808667 0.5409947275378356 0.05411064732681181 0.06273903351790343
1 0.1942861392225425 0.33679688875353697 0.024711573663405907 0.031169257659653126
1 0.21750310232025236 0.4195030629260483 0.023058068401734032 0.028952418260120658
1 0.1884820022073129 0.5809070357819607 0.02287605787839033 0.024785751593454107
1 0.2376761783321455 0.845411223526516 0.022967063140062118 0.026869084926787443
1 0.673416986281123 0.7318543522579035 0.052821163111827295 0.06885552745170428
1 0.6247127177240972 0.9273523236741705 0.04713260523343692 0.04553834258644045
1 0.6672987049934406 0.322519723428077 0.05107665258848364 0.06455535471883861
1 0.4085405420933748 0.0004456796234766451 0.05770608418674961 0.0008913592469532902
1 0.8527951311888604 0.4760500318813802 0.047769642065139804 0.060121675919773784
1 0.8535371257860142 0.672550895545709 0.05492969468185862 0.08148903351790343
1 0.8636996230140038 0.8692923894795098 0.05411064732681155 0.06273903351790343