1 0.5265682334334469 0.2012346401188504 0.04093110490363256 0.04328725618501782
1 0.50078561976244 0.028242631020610223 0.03687291084715548 0.04055853056651605
1 0.516655704238038 0.6408705108423799 0.02561103759300886 0.02838786844896943
1 0.5095140665710742 0.6803279620793836 0.025989298960109635 0.04572120178230277
1 0.39575453774543995 0.7847943383492687 0.021989298960109635 0.04565914283046792
1 0.3039475159032191 0.8409038756461017 0.02587291084715548 0.04038786844896943
1 0.3321297930211078 0.9405004924591736 0.025931104903632558 0.0430545351156361
1 0.25582175007621555 0.3774934356885354 0.037523746508293244 0.024574045304474868
1 0.31821756604886836 0.2571516443878814 0.029669231649485824 0.031116594067471245
1 0.28525351664276855 0.16763260126460355 0.02975652273420144 0.035116594067471245
1 0.765598833507402 0.1301700123064306 0.048134784101302105 0.052729192684062655
1 0.8046923164948587 0.2942859057755606 0.028756522734201553 0.035101079329512536
1 0.7572973419050018 0.5977903682920013 0.022698328677724474 0.03234132423509315
1 0.7704306229605875 0.7182941302101008 0.02761103759300886 0.02841889792488716
1 0.8320975101815609 0.6333089443497183 0.028727425705963015 0.0337677459961792
1 0.8332170841058233 0.9367276087418249 0.05410568707306356 0.05148894777848212