1 0.35829738398812294 0.5747948054148295 0.011524077792830439 0.013503995450879908
1 0.3680487924004826 0.644686202249118 0.03841501004064207 0.03657404530447487
1 0.6524482290355388 0.6122567445618865 0.020471670013547282 0.012310294759175576
1 0.8314736882841856 0.9283402073584163 0.01736685445498142 0.009597083878632475
0 0.5158136481216171 0.789149776125638 0.03399574780637772 0.025845319685973058
0 0.5205820653084656 0.7577233543645518 0.036467417819925234 0.03787634916189078
0 0.5296033262765768 0.6308394813664624 0.020362602261358914 0.034961446687883535
0 0.5046047616454796 0.46579317068536646 0.030838524468528705 0.021798775472096774
0 0.5008469749426866 0.4338319575302634 0.03152407779283044 0.013814290210055485
0 0.5265063243773469 0.4247619076766685 0.0190439033920386 0.052263750545299144
0 0.519027585345458 0.2981340278548988 0.019729456716340337 0.044279265283258006
0 0.5112435947530234 0.2655682069849642 0.035733708909962615 0.019209682495223965
0 0.49215153577532395 0.187149776125638 0.04594334002709479 0.024698163208145087
0 0.49179105961077607 0.13979317068536648 0.020890932247811633 0.022976961425842244
0 0.5141380884665491 0.11009524101000182 0.011890932247811634 0.02283732878421324
0 0.5260920589776994 0.07055245871422496 0.036628893351396526 0.016558530566516065
0 0.5208080683852649 0.03794785099939341 0.03172945671634034 0.044465442138763384
0 0.48378611668924565 0.016392823424583754 0.03757223337849132 0.03278564684916751