1 0.4438987522750851 0.3678416104375921 0.06257177759440165 0.058092624619814855
1 0.6813180871328826 0.19722038602111033 0.0669991684661948 0.08110627152962972
1 0.67537758568299 0.06846588538782332 0.07504846680652086 0.08551538880416673
1 0.20381912655013884 0.3108227360698146 0.05992037427505377 0.0663289777100001
1 0.20824467219117251 0.42506663855212934 0.05414397095570589 0.07446835055703716
1 0.13599116389280277 0.4065123409327776 0.07242037427505373 0.06671689868259266
1 0.3766097055851442 0.8794462850828236 0.07852866431701004 0.09186236904731497
1 0.4013836400233787 0.9649833061062495 0.07244368506293455 0.039682055470833436
1 0.5933361869138123 0.8259281384271752 0.05175267676456467 0.05983652710212984
1 0.6311331074545996 0.7509272674799993 0.06375576929603195 0.07892595795314819
1 0.7073539105688105 0.6310611237366196 0.04862767676456468 0.059739546858981404