1 0.44 0.9893333333333333 0.036 0.018666666666666668
1 0.6525 0.994 0.031 0.009333333333333334
1 0.6865 0.9926666666666667 0.037 0.012
1 0.7131787890834107 0.9784835382089313 0.024785619762440092 0.03786378775903965
1 0.7625 0.9946666666666667 0.013 0.008
1 0.5708433318758719 0.7691000919277876 0.030436455423577626 0.02232973469879956
1 0.7231779477006148 0.7962374144017043 0.028523746508293243 0.02617441905221252
1 0.853008716051129 0.7757050936748149 0.031232776225908084 0.013074059188759445
1 0.9102123952487987 0.7894649229358668 0.015640134621247397 0.03049820068273281
1 0.9662759398252208 0.7738525899519391 0.02458194056477032 0.028530454425706314
1 0.1028831299440009 0.6888338884498113 0.00866923164948588 0.03128792925301301
1 0.13618714569478887 0.7739467765502174 0.03149464948005476 0.025074059188759445
1 0.05398647258855213 0.6211451418433791 0.02532006731062367 0.01660811224899938
1 0.9141073698386555 0.48761366341378 0.030232776225908083 0.012996401365465924
1 0.6201433204325556 0.3749375790121331 0.030378261367100548 0.019663068032132743
1 0.2894051936867023 0.3612328395020471 0.016378261367100775 0.018575858506026333
1 0.2667199104773807 0.3967412139879877 0.03337826136710078 0.019896041502012546
1 0.22971606300315192 0.34794553234942843 0.01146555245181628 0.022187569389559788
0 0.5429749301658657 0.5213527909036882 0.0536401346212474 0.033449197967878715
0 0.5768240945047279 0.5399543279840141 0.013396657355448724 0.06493189387951967
0 0.7333041954706634 0.5740689484177707 0.017833112779026578 0.085242525172693