1 0.6065149820663335 0.2627333249767432 0.01990773507586664 0.053032254231631666
1 0.13555532966424483 0.6114578129274018 0.024535330942177778 0.031970566748727836
1 0.5532062007889115 0.6141674060232999 0.02462843197560005 0.037303900082061164
1 0.6931135178101338 0.6450796585836136 0.023558606200533176 0.0332495709119753
1 0.8268458523390447 0.6370264340417883 0.0235818814588888 0.03458290424530863
1 0.8761130997554892 0.6263823946277061 0.022628431975600053 0.03719524174188943
1 0.9299273157432892 0.6472890052273007 0.02746550516711113 0.028133554258985442
1 0.9304659911226227 0.9070716885469571 0.0236982577506667 0.04124957091197515
1 0.8855711478398673 0.9392663779747163 0.028558606200533177 0.033521216762404944
1 0.7254306601804449 0.8652947065977279 0.024512055683822382 0.0306372334153945
1 0.6764651550133337 0.8359930751818959 0.027418954650399882 0.025466887592318622
1 0.6527095452260672 0.8486891750998349 0.017721533009022097 0.042256929224793266
1 0.6119892663809783 0.8911011812079375 0.024651707233955676 0.0386372334153945
1 0.44834919677620055 0.8455788598172723 0.02253533094217778 0.03186190840855609
1 0.2602673153173116 0.8020588070928363 0.021488780425466644 0.029140912571803408