1 0.6155712683859978 0.26741585133335816 0.021955243287269242 0.05317991896320958
1 0.1593641751481161 0.6124292914246248 0.025742835784799696 0.032157090620194596
1 0.576227543114551 0.6183875086152367 0.026045937660417167 0.037490423953527925
1 0.717053613820377 0.6503839311784514 0.02481861125370415 0.03342832295546426
1 0.8501821959279771 0.6433721315856491 0.024894386722608488 0.03476165628879759
1 0.8989244412389337 0.6331127976564672 0.024045937660417165 0.03736622195740059
1 0.9534474100691422 0.6544352010528732 0.02851550937808679 0.028343393614385603
1 0.9642236265054875 0.9141867970606186 0.025273264067130184 0.04142832295546426
1 0.9206937886970004 0.9460278683153887 0.02981861125370415 0.03373882794578276
1 0.757980790720688 0.8708204762899325 0.025667060315895468 0.030823757286861413
1 0.7079652813426012 0.8411419112171781 0.02836395844027811 0.02567672694771894
1 0.6847609237660968 0.8536514872636501 0.019349039536034524 0.04238905030041557
1 0.6457994019743919 0.8957409625106748 0.026121713129321506 0.03882375728686141
1 0.48071557657952274 0.8489518331596306 0.023742835784799694 0.032032888624067106
1 0.2913211898569143 0.8039745626893601 0.02259128484699113 0.02930412095933692