1 0.693521591807204 0.27056199487633115 0.026514327554219563 0.036413592642768056
1 0.6470309879849184 0.2279510312699678 0.033339597451809595 0.03290273191607639
1 0.6180699724216637 0.2519075883632013 0.022096761228919376 0.0493975407808811
1 0.5627545652770839 0.274382553657769 0.016048380614459803 0.025048155585660804
1 0.5727111160391294 0.3089123010420957 0.025805544391569582 0.04301038227039066
1 0.40455071349093896 0.29008979249339634 0.02445608418674965 0.034940505231346605
1 0.20958923135238838 0.25718890251840854 0.022572570921689534 0.03746741781992516
1 0.09388771244272272 0.612211544942336 0.02580554439156947 0.04301038227039074
1 0.5209513537619936 0.6607961463005371 0.02445608418674965 0.03494050523134653
1 0.5739849402469381 0.5992673558288123 0.023980274493979322 0.04687062819230262
1 0.8585269897590049 0.3387877137974079 0.02963081428915939 0.039289890426566824
1 0.9047742907831046 0.29567818555994746 0.03074730102409967 0.04202643413227755
1 0.8683250042740436 0.616583752271772 0.019805544391569584 0.04259112003612639
1 0.9081793958553686 0.6171220040433432 0.02328135408433968 0.030870628192302622