1 0.6852210775328162 0.11453315490840618 0.05424434885206028 0.06103473045993277
1 0.6786894128325982 0.2212138379969334 0.014250166681871177 0.05863863382294555
1 0.3944247015761997 0.13406821854099082 0.044290891490547664 0.07076903963401927
0 0.5115 0.99 0.091 0.017333333333333333
0 0.5285863587147118 0.7563287195684197 0.05141306591657781 0.09942168987882542
0 0.5364936068014787 0.8503613210211881 0.0843665232780902 0.09183180293767328
0 0.5506832616390451 0.09332627996653664 0.045366523278090196 0.08819560871661061
1 0.1947427733921233 0.5319478817321677 0.03308726744716432 0.023076779725514522
1 0.14343700396330597 0.34257280972797133 0.014221077532816253 0.05197196715627888
1 0.16481940527089217 0.8903442889638736 0.04418035272413965 0.04543570630068583
1 0.16634358532258853 0.20876384983553464 0.017209441873194408 0.04958500773738622