1 0.007700814733446081 0.5721158934691299 0.015401629466892162 0.033690172306385345
1 0.053430876801536374 0.6332780976193559 0.031121713129321393 0.03778326073413791
1 0.07418745054289361 0.7075568958370532 0.032818611253704034 0.032480956876722
1 0.02051352124871947 0.6850768730914527 0.028742835784799716 0.031085564591553823
1 0.49596071461002367 0.661048463263345 0.02642481500493875 0.04303902037767739
1 0.6366346439041979 0.6821787038065317 0.030045937660417167 0.03643441266284587
1 0.7731880410167367 0.6527508808487631 0.026424815004938863 0.04303902037767739
1 0.8227563570335191 0.6419906586887829 0.028197488598225618 0.03907004985359496
1 0.8769153674234497 0.6471451054700295 0.03697016219151283 0.035209682495223965
1 0.8527223859081305 0.9146180714449916 0.03304593766041717 0.036480956876722
1 0.804055325592235 0.9446805974623877 0.035045937660417165 0.036511986352639726
1 0.6557000075517648 0.8916977469298096 0.026121713129321506 0.037705687044344204
1 0.5401919576258001 0.9287920030214643 0.02795524328726924 0.052387868448969435
1 0.3750484566139563 0.8987162975939139 0.028970162191512713 0.035085564591553826
1 0.19260185372649516 0.8742376760449959 0.02534903953603441 0.041690172306385345
1 0.208245571446177 0.3264781544833571 0.020197488598225732 0.03894593194992467
1 0.27590458183610744 0.3314231523021601 0.016424815004938635 0.042883872998089524
1 0.575609529886455 0.29679976039044376 0.029409896100695276 0.0604033831869283