1 0.20331426481644285 0.39066827388477865 0.037659142830467694 0.02197778154576895
1 0.2384769360322296 0.38059367427631 0.036139632641629005 0.009942860776277257
1 0.34395999470397565 0.6077651131424286 0.013736716520261628 0.026349207694917366
1 0.17093695612981788 0.6232254131085014 0.04545745123700355 0.009187306162719323
1 0.767016865147416 0.8587476951475833 0.04155053966475619 0.01508254385424425
1 0.15045104427748143 0.84909683925765 0.03226375054529926 0.017838098467801957
0 0.714377958497741 0.5584905474458803 0.06328725618501813 0.04164127616611222
0 0.5837733507829094 0.5590683120356892 0.026171129183107343 0.05466349462034327
0 0.3984628224909534 0.512731785461082 0.058992476163800954 0.022536513857636917
0 0.19884293357094351 0.5319936700373199 0.0591631382813476 0.03353651385763692
0 0.1962068293146335 0.4909412888830823 0.05789186389984942 0.03750159308814523