1 0.14843962470780003 0.3994245534988426 0.011805544391569469 0.041488480712921195
1 0.12818432723187362 0.6915409140335336 0.02845608418674959 0.03375223125822049
1 0.13755844431921924 0.740029161213674 0.015863787759039495 0.042883872998089524
1 0.1481946565601798 0.782501893655856 0.03016486734939963 0.027116594067471547
1 0.3139334945571566 0.9231666920602792 0.01257257092168959 0.036170662117546576
1 0.3011216190631943 0.7474847441884342 0.02145608418674965 0.03364362809250876
1 0.32503285428610185 0.5432520231190525 0.01557257092168959 0.036217206331422856
1 0.6169508871866979 0.6206674180522332 0.014630814289159617 0.03753502492679748
1 0.6296129550843224 0.18210159718229868 0.014931893879519749 0.02155053966475619
1 0.6062437693734819 0.1451561322979348 0.009863787759039497 0.04279078457033688
1 0.6456366788162563 0.10124099629114724 0.01375716377710978 0.017535024926797482
0 0.49327569050899206 0.5579633657373522 0.04464067704216973 0.015349315136852965
0 0.5066103565842965 0.5157849462508263 0.021912168373499186 0.06696144668788354
0 0.4740441167649997 0.7694518464502733 0.06093189387951975 0.022264217610860216