1 0.6106179782890261 0.4291911021962369 0.0282253241367935 0.03454673682229128
1 0.5317146624814421 0.5206346635353504 0.01986690976926179 0.025849382442270516
1 0.5358495759816432 0.6834380144075899 0.03288774310259498 0.026456084186749725
1 0.6188436520045261 0.17595503554839348 0.040700243102595124 0.026820105233437037
1 0.5248040846894235 0.23571363196531925 0.022607555027811237 0.028054056124499738
1 0.5506871259224249 0.31182624250748614 0.03795959784404553 0.024615431551207934
1 0.7475157017938795 0.026815663723582787 0.025757636062009464 0.036508729806728854
1 0.8514094112767804 0.0180248740022243 0.025757636062009464 0.0360497480044486
1 0.8678697525607518 0.7076717936056046 0.03494599540173008 0.018244091202312043
1 0.33416133913626506 0.4556555160203061 0.05755355042954132 0.046298147326811784
1 0.28627742065922296 0.8810493861382843 0.06371723390605515 0.061124161357936656