1 0.32756736422662003 0.38819795506897725 0.03230253739019622 0.035163138281347525
1 0.3881364799490932 0.49391046535117905 0.031372353711010645 0.043147623543388816
1 0.5764772914322368 0.8529393930320727 0.0483607176575415 0.042078040755354776
1 0.5340652624315962 0.7289476174666131 0.02948871424570143 0.05644992740080458
1 0.5523968899554651 0.690668352183355 0.025290901336727074 0.033721201782302763
1 0.5402768131890635 0.3609010732527366 0.029325809497134286 0.03778326073413791
1 0.5819924304774122 0.27826496899642666 0.025197812908974358 0.0230545351156361
1 0.6064684577721328 0.3952026765118111 0.022221085015912648 0.025674657568426483
1 0.5409821956206257 0.05093210272865421 0.05733744555060343 0.03955100673031711
1 0.8154427335710002 0.7959057946955704 0.0333607176575415 0.041845319685973055
1 0.8320231350477718 0.9582931960789791 0.02938398976447979 0.04444992740080458
1 0.8257302689751872 0.3618049488988384 0.030255993176319863 0.029798775472096774
1 0.8505677145257906 0.32275817115218164 0.02330253739019622 0.0350235056397186