1 0.9685335649276785 0.22058325195311898 0.0260967612289193 0.027314191168707907
1 0.9082229336345052 0.22536872987488876 0.03911946326907946 0.023488741817990103
1 0.7142295088031788 0.23639971428948034 0.03935243673895942 0.026488741817990102
1 0.5136339247911319 0.2295354290936412 0.03676342789558612 0.027453831688133618
1 0.9486400118272438 0.45960070701804717 0.028918743542172706 0.02934910129856439
1 0.7355778587750426 0.4074458826013467 0.03880883197590629 0.019488741817990103
1 0.5847301978874896 0.428900849873307 0.03966306803213259 0.030488741817990102
1 0.33284010945375614 0.4222085846772043 0.037863787759039494 0.024471286753061917
1 0.1068592128593822 0.39919340077992943 0.03048505034538596 0.03236655636349246
1 0.5180666417227954 0.6870117771457946 0.036452796602412796 0.023453831688133732
1 0.5889077274416747 0.6581128413019914 0.044051357148599285 0.03554110701277478