1 0.3387398095114452 0.3418251782040683 0.04875652273420144 0.03652887647393163
1 0.6242511722142563 0.03316340187653944 0.03475652273420155 0.035985731946812725
1 0.6444265957664832 0.2238759986074511 0.02896020193187087 0.04508628905423787
1 0.6293202470304992 0.4259658546749858 0.035785619762439866 0.03735786131779741
1 0.38475453774543994 0.7764091228297939 0.029465552451816167 0.02245841842522259
1 0.7952093891573656 0.8272082100970565 0.031756522734201556 0.035869343833858695
1 0.805311890419121 0.5792735381801272 0.02884381381891694 0.03975295572090454
1 0.8624772745943781 0.561709432681841 0.017523746508293244 0.02465953264007294
1 0.7770545263021237 0.36218524506493405 0.019465552451816165 0.02207045804870904
1 0.8287926530479771 0.3481678511070636 0.0378147167906784 0.038768786726433364
1 0.8052428156028781 0.18627710519342403 0.029756522734201554 0.03579175175855592
1 0.8478928098812201 0.0018220522993851488 0.02778561976244009 0.0036441045987702977