1 0.14127439601882988 0.42504948783226154 0.02703953201501908 0.03773167325722119
1 0.19335772935216322 0.42770227934036126 0.022872865348352416 0.03751944993657327
1 0.12436016895404618 0.46597337287666035 0.038956808582156464 0.027951676552498306
1 0.14734253759818425 0.5219872686307102 0.020789532015019083 0.0374133382762493
1 0.12255392043387132 0.5729564295306416 0.035372865348352385 0.03815611989851705
1 0.19866128907800942 0.6316761726229531 0.034498780199058506 0.022531119898517044
1 0.41734558710053804 0.5879712294664856 0.032706808582156556 0.027633341571526415
1 0.4123410128470074 0.5093687269950277 0.03033211353239184 0.02231889657786912
1 0.3191008958507621 0.495479118947115 0.030769156107038734 0.03013139657786912
1 0.29240366532212503 0.5058714731930651 0.024664836965254486 0.03241722826356389
1 0.27039012291554587 0.45121271660251067 0.028394461057274136 0.02481695158421182
1 0.2682848889230554 0.432824382445358 0.022144461057274138 0.02449861660323993
1 0.6930163984742772 0.8514186669181862 0.03343521287323483 0.04065417490485975
1 0.8252637785183815 0.6348638373868155 0.03091483696525425 0.03273556324453578
1 0.881484739407588 0.6755953805425537 0.018269156107038734 0.029494726615925042
1 0.8726119986554584 0.5354235705932952 0.022290141915489888 0.0271027832699066
1 0.85480892423386 0.517541482317046 0.02243582277370564 0.029706949936573263
0 0.6677678674676641 0.5184611553847159 0.10001427690327276 0.11675419138124592