1 0.21745568900782786 0.4416609507434176 0.02967824348664425 0.0350474933024146
1 0.24064055246200405 0.25552495694880106 0.028608316674700745 0.033605320922566385
1 0.2454408184504909 0.07868139932478432 0.027468463050813737 0.03082981520938489
1 0.24236723223572293 0.01476242346087353 0.028468463050813683 0.02952484692174706
1 0.47114693948349695 0.0008581802550803938 0.02374817029858775 0.0017163605101607876
1 0.4062033934143376 0.19839643951029734 0.021538389862757187 0.0315101142636294
1 0.38766866295440483 0.2958657666382472 0.030118828991096167 0.024489665682262664
1 0.3773818698470209 0.26450516852975814 0.024748170298587866 0.03583663140317382
1 0.4229415172886079 0.3437298828706847 0.030678243486644306 0.03515633234892933
1 0.38754344694181575 0.5636753533203732 0.024538389862757186 0.03183663140317367
1 0.3422468403561534 0.8112126223321044 0.02139853623887029 0.028843447596962505
1 0.5884639395976328 0.9130096768971926 0.025678243486644305 0.03461213711635537
1 0.6647388227123875 0.3591731555210726 0.024468463050813623 0.03050329806984049