1 0.7778039090572983 0.7165554511149809 0.020349039536034525 0.043433061257955465
0 0.579710262314935 0.4907999367848677 0.03843973390918245 0.02964944073394569
0 0.5937940877098045 0.5288664220679492 0.013576365942747543 0.04661650039838029
0 0.49162702739390896 0.48780960782214194 0.035212407502469435 0.025299486079842004
0 0.470809006614048 0.4973015994677323 0.014031018756173352 0.05461650039838029
0 0.4130214141165173 0.5117524912703595 0.020637222507408067 0.06598307637325433
0 0.32290716043931783 0.4555454805256684 0.012803692349460449 0.05049984884701234
0 0.30089224153507416 0.4701958281775401 0.02665214141165177 0.049466303899496175
0 0.27789283200891723 0.5112212136176586 0.029652141411651654 0.04981625855359986
0 0.7354450481737699 0.5043309121315932 0.02851550937808679 0.029816258553599862
0 0.9135208236426743 0.5264282216084125 0.02866706031589547 0.03248292522026653