1 0.597416096168756 0.6571973915887024 0.023558606200533176 0.03324957091197515
1 0.5830794410318892 0.694382454037414 0.02362843197560005 0.037249570911975144
1 0.46803456273375604 0.800025941137366 0.025674982492311073 0.040024895918813856
1 0.3787444581136006 0.8358029824963036 0.029605156717244428 0.03624221259915733
1 0.40759484115286726 0.9432698700886223 0.0235818814588888 0.03458290424530848
1 0.6093749124615556 0.22625681040537704 0.02874480826737772 0.04418788342907131
1 0.5855236933129999 0.06178256450024023 0.026814634042444597 0.04807922508889955
1 0.3708046686318445 0.18065980125827077 0.024488780425466643 0.029303900082061168
1 0.4003175604249557 0.2688476846873421 0.026488780425466756 0.029412558422232907
1 0.34084250790188914 0.38150644072706047 0.033395679392044485 0.02445952927950081
1 0.8418508010939113 0.18027600495376353 0.04574480826737772 0.04511147932053132
1 0.8303691275974004 0.6385499194704223 0.022442229908755506 0.02652857507522276
1 0.8423591621868004 0.753093211171281 0.02641895465039988 0.025412558422232907