1 0.7303112079669171 0.6857552865951152 0.04010662398192971 0.028058537856051467
1 0.42237858188855487 0.038154777143257844 0.02475716377710978 0.019010382270390654
1 0.46084572760245307 0.5878346608760633 0.028397840819279624 0.03388668005418943
1 0.45147067736451574 0.7726118126927922 0.025339597451809595 0.03234371560372407
1 0.4707752886054935 0.9520820653084656 0.026339597451809596 0.03241359264276798
1 0.2495 0.9933333333333333 0.027 0.010666666666666666
1 0.2891306133374103 0.7991519782895674 0.02339784081927951 0.03353729485896929
1 0.3063058100151161 0.7358828524037817 0.019572570921689476 0.03725778670279275
1 0.29440796919583645 0.7031491434938192 0.03199013724698966 0.024832854877032334
1 0.25849086944583216 0.6454749293525099 0.02939784081927962 0.03395655709323364
1 0.2764972005482249 0.43006321459288815 0.024281354084339683 0.03094050523134653
1 0.290576569147603 0.18181014056898956 0.022223110716869655 0.029467417819925155