1 0.5349763867661799 0.6508778125397531 0.04147047970746058 0.06521361956290879
1 0.6804661647693571 0.6666739645660551 0.05695911201270878 0.05503937067684793
1 0.8287536603051302 0.6575186001484781 0.04465002678536116 0.06942876978569643
1 0.8878831984545771 0.6396897877147806 0.04130683847375849 0.05271361956290879
1 0.94357013676618 0.6572170375025982 0.05229888555165942 0.05704997867599957
1 0.6002978291382677 0.2707186925524799 0.038509120941162676 0.07766513600678758
1 0.0648451189092724 0.5977598248992116 0.03661933847375849 0.0526408942287271
1 0.030343433844080565 0.6472143848928483 0.035002291395857824 0.04844998578399971
1 0.09173094723676116 0.6825348142372114 0.04435001785690749 0.04651210311903
1 0.23277077881066083 0.835733999151271 0.05418866801906326 0.08207422045406029
1 0.41294920251176687 0.8760218036282391 0.047720479707460586 0.0653105866751512
1 0.7218156879012703 0.9016428881285395 0.04292388555165907 0.056904528007636186
1 0.5804776217486461 0.9046573405473892 0.06030230032431163 0.0717545208996358
1 0.9068575206962812 0.3587912934966591 0.04297843262955965 0.061071194674302616