1 0.3140006221003945 0.07236604625093288 0.03636198844177246 0.04118721658814809
1 0.3186632019999655 0.2711783762038217 0.03817441905221275 0.030362193915199894
1 0.33590634927305296 0.3079907061567106 0.04122937483534588 0.035537171242251815
1 0.3381465200120009 0.3654281494743402 0.02194144558233279 0.026312329952888833
1 0.036028166975877504 0.1918245692139851 0.03143009456225273 0.028924750597570322
1 0.6167267332207885 0.7299630534217767 0.02453045442570616 0.025487307279940523
1 0.6697964377067865 0.3399503607017175 0.03496414762249302 0.023187216588148204
1 0.6188191397469466 0.34062579148773237 0.03496414762249287 0.023187216588148204
1 0.6163979747871124 0.30277583683362874 0.03268577007229275 0.028012239261096285
1 0.6957820431686504 0.22104396899579157 0.041630814289159386 0.02362465990577772
1 0.6731272826385419 0.13311921839822125 0.05009676122891945 0.030149591886933252
1 0.6140914302610347 0.10813848420779171 0.0220967612289193 0.02831232995288886
1 0.649120085369474 0.07123821213241388 0.058937846947798786 0.05858703520456288