1 0.6492807235192518 0.021300629266958845 0.031955243287269015 0.04260125853391769
1 0.5643794678183647 0.03759864139040777 0.035576365942747545 0.0461013561901749
1 0.2807016219151272 0.340592304071647 0.04948567156959939 0.06240391064893068
1 0.16202769262095307 0.36671844779349505 0.04740989610069505 0.0610240304757887
1 0.09564253677199569 0.45838249731665187 0.0415763659427474 0.04624099670960065
1 0.34150080718168113 0.6175450001759539 0.030652141411651655 0.04731832242398681
1 0.27661506085888066 0.6651159560194935 0.03157636594274743 0.04600826251055787
1 0.43507776359827155 0.7048186358477575 0.02425834516288637 0.057822075151323586
1 0.7746529485933329 0.6541924595738237 0.04210679422507792 0.05557433004293398
1 0.7398331563919427 0.5348441153311437 0.04610679422507769 0.055667423722551124
1 0.8554933477295592 0.6142607657217676 0.04557636594274754 0.046334090389217784
1 0.9627779878578746 0.37011134858001515 0.05294032438302543 0.07047373090864358
1 0.6101488152764314 0.3496136522997543 0.027197488598225617 0.03924850216427391
1 0.6439065699654748 0.3621789627762461 0.0395005904738432 0.04486111653645882