1 0.6792634363824872 0.49352856688718894 0.04360615626060209 0.05810004983848908
1 0.6258457705032381 0.41788776523273924 0.049637901451278846 0.05034943993801828
1 0.42479166887447395 0.06142735300554807 0.0402083377489479 0.04739202145539116
1 0.3718626202330856 0.24249549458490247 0.03713790145127884 0.04918399307229322
1 0.3790328018062493 0.6650479591060301 0.04171627404661713 0.04545436898027333
1 0.446537760336437 0.6536767431050774 0.027380955534962937 0.03372657458966586
1 0.3526315368301248 0.9067803277501681 0.04166171034428619 0.04337103564694
1 0.18485123747094628 0.48172273483282896 0.04969246515360966 0.05243277327135173
1 0.18987849945184582 0.28683632707789736 0.04209821996293313 0.0600377023136069
1 0.18539435217691821 0.08586750084033848 0.049637901451278846 0.050349439938018395
1 0.17602678666048885 0.025764096549260256 0.048928573320977706 0.023266106604685043