1 0.021784153536114764 0.7986664466125588 0.04356830707222953 0.0620949866048292
1 0.4262806218854972 0.6264741628347671 0.06063081428915962 0.04375483707770673
1 0.7055 0.9333333333333333 0.065 0.13066666666666665
1 0.6972980145150385 0.3565546368355864 0.05127149133132934 0.05733311327922532
1 0.5968499267801157 0.12591567505229137 0.04080554439156958 0.04557805614741066
1 0.5808893777921569 0.21527627316078038 0.040669332150609076 0.0880270447210477
0 0.5345448489638421 0.22965742987769014 0.028523257156638237 0.151727792356659
0 0.42504484896384215 0.21773955428431918 0.12542649592771873 0.11450285796162454
0 0.2875255900331174 0.22621635776838184 0.06625176582530878 0.10408135421725115
0 0.1672684262560076 0.23054342504319614 0.07831987194578903 0.0841629284886103
0 0.04994315635841758 0.21375483707770673 0.04883419950000862 0.11545558471331803
1 0.140976276268066 0.09639390888805578 0.042922031126509406 0.04846240090710694
1 0.022413101524090876 0.07344206235279416 0.0360483806144597 0.027809366628018136