1 0.6415 0.48115358167257977 0.029 0.01515633234892933
1 0.599 0.4045279221957006 0.038 0.04013588376756252
1 0.35 0.6674269996135146 0.008 0.04620404570545179
1 0.3445 0.3948283848576831 0.025 0.040054309496203436
1 0.337 0.34934542534215546 0.014 0.050857079984540636
1 0.313 0.3120666215591335 0.028 0.03638082663574778
1 0.35 0.2527603329468479 0.02 0.0155101142636294
1 0.1825 0.47052979265561834 0.015 0.04163258569772203
1 0.1905 0.2780671716944034 0.019 0.03940127521711459
1 0.1915 0.1101760107409182 0.009 0.04097955141863326
1 0.197 0.03810795883008296 0.028 0.023047493302414505
0 0.48 0.8455760756604389 0.06 0.03853034279088812
0 0.4825 0.9906666666666667 0.039 0.016
0 0.4855 0.6015080237496038 0.053 0.025768469465284702