1 0.25641944347889023 0.4040616649196396 0.02634680068033026 0.05645279660241279
1 0.5049003152221713 0.8890229699758257 0.0359998349594191 0.06781838367871933
1 0.7571144476844889 0.8090583342207713 0.05397955141863304 0.020115864634545386
1 0.5588072238422445 0.3905313444617663 0.020265171395444214 0.0546535163293197
1 0.5469497037494879 0.2428288254175925 0.03928561997681072 0.040206672795185874
1 0.5026634236103532 0.03101266220478541 0.03957123995362167 0.06202532440957082
1 0.3262972471124325 0.4981596703493479 0.03369376640124142 0.046407392522092625
1 0.48454180488592885 0.3518443301886846 0.027367249261696997 0.04060811224899953
0 0.2986555098878034 0.9415318325943279 0.08359168853498852 0.06487929253013165
0 0.37346050568220474 0.4918430859878957 0.055979386378052255 0.08529388232129229
0 0.43265352940083174 0.15085325979110317 0.0717958442674942 0.03476938096386512