1 0.5783135745486658 0.6708796466948603 0.02341892155827736 0.033786129935746124
1 0.5628161051982118 0.7077147793454607 0.023471286753061805 0.03778612993574613
1 0.4443498797442415 0.8106288140201432 0.02550619688291829 0.04060811224899953
1 0.35381750026393083 0.8443062765904119 0.029453831688133734 0.036918743542172706
1 0.3794298226021376 0.9524030378193313 0.023436376623205434 0.035119463269079464
1 0.6034690155854084 0.2403939742490799 0.028558562077702847 0.044841085718879334
1 0.5846072610391152 0.07542982662658707 0.026610927272487515 0.04868577007229275
1 0.3658966646761498 0.18924474563860516 0.024366556363492577 0.029863787759039497
1 0.39276208545581565 0.27808583135748455 0.02636655636349258 0.030019103405626083
1 0.3297434948070607 0.3893098752249459 0.03329673610377972 0.025229374835345878
1 0.83773703844225 0.19986040932140145 0.04555856207770285 0.04616126871486571
1 0.8122237685744791 0.6576794151005152 0.022331646233636093 0.027041805445786243
1 0.8207313605231166 0.7724559933334483 0.02631419116870802 0.026019103405626083