1 0.3157445847840815 0.8757030919017545 0.02140411910658786 0.0334607931323319
1 0.3903421703922234 0.923620102402965 0.014571922249741043 0.01611388242494769
1 0.4050596418561761 0.9033395533113505 0.01784247146395277 0.02062067111197313
1 0.3566286040145039 0.7747466276574494 0.024165246071058633 0.023384248486024006
1 0.4342379512000731 0.15716609795765837 0.020821922249740867 0.016794126465665235
1 0.4827674964853433 0.12697923714718726 0.01642552067816432 0.02461727676846047
1 0.32755776571576567 0.047365429680394366 0.02118579528527027 0.027210793132331944
1 0.495890388751295 0.018667204419444302 0.025727746071058634 0.02355430949620342
1 0.48025665674337226 0.5776170518939959 0.017988020678164497 0.024787337778639795
1 0.42896179218489844 0.30820776462432503 0.011665246071058632 0.022023760404589036
0 0.41477289785203214 0.6698361589678378 0.08398120181924558 0.131589778185815
1 0.12381825806727983 0.7554641125176897 0.03477741439185813 0.05982128121376699