1 0.6300857252256681 0.06868070704007387 0.029651950041030432 0.023585410208839353
1 0.6494991269715236 0.16273268628906756 0.017426140714754183 0.04790919183935966
1 0.6313089600237959 0.28910782506818705 0.0134668875923187 0.04893189387951967
1 0.6884634400356938 0.4537362849236016 0.026529709408337338 0.019352436738959415
1 0.6805279187941032 0.7844674590762145 0.031181659449367998 0.04099640136546623
0 0.5436307035737719 0.19166991113647186 0.05471136885770511 0.06011586463454546
0 0.5463675058119941 0.5436245070561517 0.03078945961349018 0.1260967612289193
0 0.5241900778331654 0.6215271237268378 0.030648547041686697 0.08884108571887948
0 0.5705406577630022 0.7442266662368721 0.08058572522566829 0.12331298572691836
0 0.5586153455194433 0.8788025247428983 0.022178256450024036 0.10547549864257295
0 0.5817044737444553 0.9291328815420922 0.03762987510257653 0.0561290149718925
0 0.5153470878159307 0.938963793457764 0.03434464695962561 0.04656270816867921
1 0.49675289964918395 0.5929183893774439 0.026344646959625607 0.04594144558233287