1 0.7670977830347534 0.09522143867663092 0.03924429569592576 0.05752450390673077
1 0.8259779205151238 0.0827362263596626 0.03815068740185173 0.04189950390673077
1 0.8808217177504323 0.08352217125015093 0.044765223499876564 0.04760848498831072
1 0.6183217177504322 0.10454937667650836 0.0405985568332099 0.04727471982281295
1 0.4861731267356792 0.0983027786391026 0.04531202764691346 0.05542098498831072
1 0.055366047627901475 0.15611809068536953 0.04458295545086413 0.04500431832164405
1 0.030170085642407543 0.08692330480189481 0.038515223499876475 0.0471078372400641
1 0.36443034256963014 0.32816795702596163 0.05093683870567887 0.07658808348714174
1 0.6578549988687042 0.3240853215669967 0.043775498460617256 0.06306660240556179
1 0.4753711490412357 0.6818204811892441 0.04359323041160484 0.06046243573889498
1 0.5243549808351862 0.61833667232681 0.0464056359409876 0.07104598498831072
1 0.06199805648709976 0.6385409636550999 0.06460883179395052 0.06473542823305056
1 0.22960439597796434 0.8633551884151585 0.022473745774444373 0.025106325827488618
1 0.3649171793898162 0.8835909379537331 0.02736948463716047 0.03585675765965313
1 0.3903336571152483 0.8608384549187877 0.02419254300975311 0.020064875076904205
1 0.46697501426253235 0.9349757595668741 0.03497374577444437 0.02610762132398185
1 0.5898652377624088 0.8811091777254809 0.02492161520580254 0.030481541743570872
1 0.6679510453653101 0.8606116054971059 0.03270814439209886 0.023336572074566558