1 0.745087693519381 0.6241367755141094 0.025627399382798104 0.056273838564679865
1 0.44123618704466605 0.0979394764346294 0.035140062677002676 0.06756939858274309
1 0.19565195953045428 0.1412416988988484 0.053768994941306804 0.019703483069334917
1 0.4416070716810642 0.5929640326837607 0.01956331647102263 0.05452124299708218
1 0.46978435779992755 0.7437647838370193 0.03879432152971583 0.03991878377796335
1 0.5385 0.9653333333333334 0.039 0.06666666666666667
1 0.6642814751362135 0.5188261205467612 0.033114736088593645 0.046166188210365666
1 0.5207538492255457 0.6430112313568197 0.02685840444149153 0.04041359264276798
0 0.6444739069708381 0.075597602771994 0.08294781394167604 0.06692349645685772
0 0.6174096409597646 0.5182085663783573 0.05490905761830936 0.08489706232458018
0 0.5951546590948705 0.8535183003751612 0.07140982405906243 0.03422472606641713