1 0.586486122152957 0.25326148071655774 0.021226895362627146 0.052977781545768945
0 0.44206432949166263 0.14989002630747547 0.013255984511682072 0.05927196000452364
0 0.4526399612792051 0.16771225041369328 0.010244348852060057 0.05646561025988998
0 0.4508293741118033 0.3255958478487208 0.015238531022249162 0.05536508205650171
0 0.4470595117530782 0.4927196565651037 0.02819780621357245 0.046637042061025265
0 0.41348097105063025 0.4731598621944722 0.037157081404895737 0.037722757961592836
0 0.45528898266686874 0.4311154252860101 0.021157081404895736 0.036977781545768876
0 0.4348533121585314 0.5594709770735746 0.037063996127920516 0.0163894246282595
0 0.4439813044143724 0.5892233596408089 0.013157081404895734 0.03660529333785689
0 0.4633158296285024 0.6667746858012664 0.015186170553950546 0.04336508205650155
0 0.4537667114388514 0.7696424088747099 0.01322689536262726 0.0526052933378572