1 0.6472419332225906 0.4364315046753821 0.044790868290882455 0.0544939195935329
1 0.5990838379106674 0.36519819554254557 0.05064035009228505 0.04620906817529082
1 0.4231673897286822 0.025165709986821615 0.041165220542635696 0.044053011969320585
1 0.3563932950350679 0.2111755856055605 0.038140350092285044 0.046112104345108304
1 0.3321607464562557 0.6340619510752952 0.04262759099298643 0.041981799114760084
1 0.40098059762827487 0.6168808585685795 0.028064443244739935 0.0314560481391382
1 0.28758302437246047 0.8785990876877324 0.04252746144333708 0.03989846578142675
1 0.15027729565337672 0.46696431290439705 0.0507404796419344 0.04829240150862427
1 0.16984572332041292 0.27120976268308705 0.04332849784053163 0.05656513244809342
1 0.1802894748615724 0.07017415625580678 0.05064035009228509 0.046209068175290885
1 0.17533066702657804 0.01073855386194266 0.049338665946843906 0.01912573484195753