1 0.5303828016311768 0.7459024041790746 0.01102787754636165 0.03957597229351874
1 0.587354691138776 0.6946915712735202 0.029657218853853466 0.05339458354722289
1 0.8848163012760188 0.7542340582100484 0.018258682614983174 0.02571757729516503
1 0.095148337159731 0.6201646460678009 0.032769194931378594 0.017899753339918334
1 0.38726646731271014 0.34071668529126287 0.03455941449554802 0.014101821256996497
1 0.5916510647783993 0.3539942794999087 0.029748170298587867 0.036162284172428526
1 0.6256755158679759 0.347378917110969 0.03797897536720916 0.02240492313261393
1 0.65335375935462 0.318005800032986 0.02695795073441832 0.039859182296811166
1 0.6982664673127101 0.3721382463969273 0.011398536238870292 0.02767700625205786
1 0.8891896875871957 0.450405501020182 0.021538389862757412 0.03135401250411572
1 0.5329792083132482 0.13092190240217075 0.03104890217915272 0.02303101875617343
1 0.6774197938177001 0.15623849305700893 0.029328609426926507 0.028162284172428522
1 0.8033498670057565 0.17030210516627062 0.030629341307491585 0.015031018756173428
1 0.8574652695400673 0.18314178923998564 0.016957950734418317 0.03884884271141997
1 0.9129197938177002 0.18003199029297026 0.024468463050813623 0.030323781046399594
1 0.11808409853116342 0.08699280960843854 0.03125868261498317 0.02703101875617343
0 0.2551759817600538 0.5016228417242853 0.02819560871661065 0.08242481500493887
0 0.12407109154213854 0.49038739315566127 0.0545872920419099 0.05458709917736724
0 0.4382913842943645 0.5274959064495459 0.01870612103300607 0.07218217604475345