1 0.34360476230847525 0.006664566053417548 0.025209524616950488 0.00819392766036518
1 0.38728259472212484 0.5482267340259819 0.03283809846780195 0.032248227405267546
1 0.374741343989953 0.7374243179970597 0.027977781545768948 0.03754277520652795
1 0.39995564787133897 0.9175833386785589 0.03283809846780195 0.03224822740526724
1 0.4095 0.982 0.031 0.03333333333333333
1 0.1825969240374511 0.9785511990404265 0.02911746462373594 0.04288386564627581
1 0.21832388784419718 0.7775359070700921 0.028838098467801956 0.03221719897960914
1 0.1878603805068838 0.6259970104167718 0.0398730192372937 0.03363586048350301
1 0.20652861200176192 0.403520392857263 0.026942860776277142 0.03620168476677979
1 0.22060319041528034 0.15834608020542912 0.03180317769831021 0.03090713696551946
1 0.6310619184881582 0.14086758427516596 0.029628573850851353 0.02422495608602359
1 0.6289365308135971 0.23149934396296687 0.03248889077288459 0.01891489407193406
1 0.6618429201221379 0.6290072121906288 0.04590794000678534 0.03501573645532396