1 0.17877798785787458 0.40293575661039466 0.015576365942747429 0.04624173484090594
1 0.19188027500004587 0.6860594588265958 0.031197488598225732 0.04069310079894421
1 0.2049945286772454 0.7327931677365583 0.018727916880556108 0.04911803262470494
1 0.22454046633766248 0.7700160159198293 0.028818611253704034 0.03388668005418943
1 0.21021557657952275 0.833424895883703 0.021833530157947735 0.016134084486591746
1 0.3630834516288642 0.5964276947373935 0.017273264067129958 0.04104815558566088
1 0.36310132290232316 0.7982907754550534 0.020121713129321393 0.038591120036126386
1 0.39599002159433894 0.9738979473530668 0.01034903953603441 0.0418923496456858
1 0.30241676507897386 0.028436199124637924 0.018833530157947736 0.015924453369459655
1 0.6664784288253156 0.6946542627448992 0.015273264067130185 0.04090840150757261
1 0.6323967486179807 0.25269203606016943 0.014212407502469432 0.022241734840906094
1 0.6026160250987289 0.21940214563360252 0.015500590473843204 0.04490840150757276
1 0.6343881082181726 0.17381290348062245 0.016833530157947734 0.01578469929137153
0 0.5458785035785166 0.5793200084410216 0.026016099851929767 0.07220396152563596
0 0.5364169817868119 0.6231481506391596 0.04890930562685208 0.01935409787411451
0 0.5317379549358882 0.8299951794949326 0.06421240750246943 0.025735586793108573