1 0.6069985509924025 0.3920231855380466 0.05398498909065347 0.031031018756173354
1 0.6490499861433745 0.4538343373396288 0.03625600761894718 0.013045937660417053
1 0.58527865419131 0.8891287988154382 0.014124629610079258 0.034757754689043394
1 0.20248990995390254 0.3186011061944851 0.033915168830940576 0.026894386722608375
1 0.23388968934755433 0.35184394197928487 0.012884389956363066 0.03868197922013906
1 0.24668098562430021 0.38652592119942386 0.02598498909065347 0.029439733909182336
1 0.29955931913358746 0.08393581730011894 0.02579880173141919 0.021439733909182395
1 0.2596614974838183 0.6009805740128499 0.010124629610079183 0.034530428282330376
0 0.454964463022602 0.8682406905972655 0.05065991826787786 0.059803692349460334
0 0.4451209745389998 0.7313618132527437 0.07665165575732014 0.032319201727547126
0 0.4468386652766104 0.5477028028628134 0.0697057080518019 0.019940324383025426