1 0.6057619181841154 0.22356094400948218 0.038954851411925874 0.0927717800535545
1 0.05356423535201662 0.5088584934906376 0.035420674452321665 0.06744820578983245
1 0.06298235094970737 0.6554198689173456 0.036846782132453626 0.05927665958835999
1 0.12457908049573625 0.702007344837705 0.04296038981258556 0.051590474782470926
1 0.5483431894295094 0.7181547733602064 0.041761602665567034 0.07365090987283211
1 0.6877466702291796 0.7533871614291745 0.04153428213245362 0.05976202098394323
1 0.829820509962623 0.7611653459840869 0.03863660266556721 0.07332733560911006
1 0.8872920291629527 0.7463181365296131 0.038318353919208195 0.05388289116466562
1 0.9399767599626229 0.772571338780292 0.04305131802583091 0.05714603033802632
1 0.8914697491420702 0.3820919751089322 0.040380959092057724 0.08460023385208204
1 0.45 0.9708333333333333 0.04375 0.05277777777777778
1 0.29144100541027634 0.22290528138392204 0.036801318025830906 0.05649888181058229