1 0.5818606189624665 0.26891612092513456 0.023750567791913455 0.05769017230638527
1 0.0075438971442129184 0.5484804898111613 0.015087794288425837 0.04164362809250891
1 0.05551430779534046 0.6090148141396176 0.023541107012774745 0.041690172306385345
1 0.07904555169182438 0.6826347030596274 0.026453831688133676 0.035070049853594965
1 0.02130737766574764 0.6635345578612366 0.022384011428420784 0.029674657568426483
1 0.5154644732501016 0.6438702773095994 0.024488741817990104 0.03770568704434406
1 0.6621677371463219 0.6642562774963257 0.024488741817990104 0.037705687044343905
1 0.8039644732501016 0.6393942754084916 0.023488741817990103 0.03769017230638534
1 0.8546826615617044 0.6219441144749066 0.024436376623205434 0.033705687044344054
1 0.9089382906527093 0.6397652279228198 0.031436376623205434 0.033814290210055636
1 0.9014210950696735 0.9084939535413216 0.027488741817990103 0.03775223125822049
1 0.855406170654291 0.9485332074517793 0.026436376623205433 0.033736716520261625
1 0.6902701963682377 0.8851086539529368 0.02641892155827736 0.03240338318692829
1 0.6421280251992663 0.8585277854106044 0.031436376623205434 0.03381429021005533
1 0.6154011093551994 0.8762722592998452 0.018576017142631143 0.044279265283258006
1 0.5607327555888355 0.8517922365542447 0.01826182597392335 0.020279265283258005
1 0.5712901820827118 0.9236138170677188 0.027541107012774773 0.04175223125822049
1 0.20606693247201746 0.8699588778272989 0.02145383168813362 0.03499247616380126
1 0.40227019636823774 0.8895768984850653 0.024418921558277133 0.032372353711010875