1 0.2583480877402598 0.4905630513204393 0.029117817965145947 0.03461060097922442
1 0.26539734656639663 0.3071550672687559 0.028071242216598194 0.033184031896633014
1 0.25470277200954605 0.12940217306376148 0.02697809071950269 0.03042412948070834
1 0.24592056033070633 0.06346280736025106 0.027978090719502687 0.030517365229966384
1 0.4742342573365153 0.0794338427323739 0.0231643937136937 0.03538451981700964
1 0.6702561666170127 0.06980128533620264 0.02851233323402539 0.017277267645891055
1 0.427523361984238 0.28306577893910784 0.02102466646805044 0.03119804831849357
1 0.41737681587967596 0.3778070963241247 0.02974521197676404 0.024037170061815837
1 0.4042357100402561 0.3440216006663618 0.024164393713693697 0.03547775556626766
1 0.4571932700730381 0.43335005479592914 0.03011781796514606 0.034703836728482505
1 0.4407851170863212 0.6484457301470702 0.024024666468050442 0.03147775556626766
1 0.4168084790705592 0.8894155682961846 0.02093151497095505 0.028531381651827056
1 0.7026604061522922 0.49809957761488455 0.023978090719502687 0.03014442223293433