1 0.705968617103484 0.525161895704475 0.024785751593454107 0.022575336958138337
1 0.7330567406915234 0.34104422228249004 0.03546943039251881 0.026018671939110227
1 0.7569467242401885 0.40062746931674054 0.02646856672819003 0.017951503954332714
1 0.7925760425618325 0.43870313087572743 0.02935293645871795 0.027390170950527093
1 0.7830487569336803 0.6449995518262546 0.024518739461055834 0.019450336958138338
1 0.7932495784422322 0.727716551331963 0.022702418260120774 0.02251166996194396
1 0.6912050195275036 0.780182318137877 0.02256891219392164 0.02094916996194396
1 0.5454212564168853 0.9318960098486506 0.031169257659653244 0.024328837946721648
1 0.4423630094499848 0.935828776160273 0.02921943039251881 0.02582767095052709
1 0.424111834256184 0.24552476973448245 0.026602072794389166 0.019514003954332716
1 0.3696641661498718 0.268337528631731 0.022301900061523366 0.01782416996194396
1 0.35724490849021867 0.245218363612703 0.026201554595791876 0.014826503954332715