1 0.34436905265413703 0.7509020706497349 0.048671237323333234 0.07349768415851443
1 0.6361660457424086 0.7426125052082435 0.04622336789197519 0.06813767538906153
1 0.7609582792327791 0.7957086281688192 0.05872336789197519 0.06904772800578012
1 0.5101371283060506 0.7219926278629414 0.025468419352839434 0.03812676313065063
1 0.5043172999679641 0.775529719965728 0.06153577342135795 0.07961607010856635
1 0.4604478333643218 0.5287020619979271 0.04114536098024691 0.05481349118348877
1 0.7402916305996304 0.5135100491731542 0.03906202764691358 0.05466181574736906
1 0.8022967680800009 0.5012231238076216 0.044582955450864145 0.044700175389061535
1 0.8533384347466675 0.4975070756226878 0.04703082488222208 0.05006018415851473
1 0.5488171470937658 0.18415637347821487 0.04169216512728392 0.06262599118348877
1 0.031763279986976235 0.5974801053510822 0.042317354068518456 0.0419443332862753
1 0.016603865221296685 0.5249297851483995 0.03320773044259337 0.044245149080702394