1 0.06140630162882481 0.5733177408961344 0.023076867080279097 0.03350237934627971
1 0.8172799711711078 0.32976056988331537 0.027545845792955603 0.028578286031593653
1 0.6053862585499747 0.37581855051013174 0.019733345792955603 0.027525848963477983
1 0.18537976114786484 0.28746347921468207 0.022967606436617327 0.030724601568501934
1 0.14905413107813553 0.41105222942033526 0.018170845792955602 0.027315361549854818
1 0.16727960719292198 0.4397564798590788 0.018280106436617326 0.030093139327632436
1 0.6175691842964441 0.48798209868935866 0.025764824505632156 0.022812243062414774
1 0.8936671445717888 0.612212152366599 0.021623627723941042 0.03606966971043432
1 0.9056536923422158 0.5613287613114295 0.030780106436617417 0.0317770386366176
1 0.8394166871464357 0.6159562040008997 0.018717149011263957 0.041204250438743546
1 0.759581721675311 0.5817154785018194 0.025764824505632156 0.02281224306241493
1 0.8845163836760255 0.4783526004992078 0.023404649011264312 0.041835712679613044
1 0.893902455331666 0.4008698331415263 0.02685743094224975 0.050590020840192707
0 0.34860066300912074 0.44622270799062064 0.10353989926336578 0.1824946640890799
1 0.2681976149865921 0.35802580323849675 0.0217328883676025 0.0388474474882121
1 0.25951102983729823 0.33475114394815875 0.024420845792955604 0.02815731120434732