1 0.5895946042008363 0.32874340123631474 0.02749042395352808 0.04509079614737508
1 0.5124590127365228 0.4032845412956736 0.03344384820498021 0.044316877309589775
1 0.2498782685834167 0.6333043687054561 0.03323563593029189 0.06689030822699836
1 0.3413522235215896 0.5840219112610804 0.04335069670788471 0.042582568135503304
1 0.37069058699544905 0.6106791301149339 0.0261643937136937 0.03566422706478367
1 0.6174919507672328 0.6137549780562923 0.029350696707884708 0.04127726764589109
1 0.6809015564576905 0.6741556433023268 0.0181643937136937 0.034918341070719484
1 0.5940892380456582 0.6999508973676216 0.020024666468050553 0.031104812569235644
1 0.8498987992701372 0.6327656230921138 0.03165481766722178 0.07870383672848251
1 0.30098658461205474 0.9550337986757768 0.03253699970207572 0.04689030822699836
1 0.17982494808591423 0.967659037266299 0.03435069670788471 0.04174344639218119
1 0.627 0.9853333333333333 0.024 0.02666666666666667